1
-5.535
-5.55
-5.565
-5.575
-5.59
-5.61
-5.625
-5.64
-5.665
-5.69
-5.71
-5.73
-5.75
-5.76
-5.78
-5.795
-5.805
-5.82
-5.825
-5.84
-5.855
-5.865
-5.875
-5.88
-5.88
-5.88
-5.88
-5.88
-5.88
-5.885
-5.875
-5.86
-5.85
-5.855
-5.86
-5.855
-5.845
-5.84
-5.84
-5.835
-5.825
-5.81
-5.795
-5.785
-5.775
-5.77
-5.76
-5.76
-5.765
-5.76
-5.745
-5.74
-5.72
-5.715
-5.71
-5.72
-5.72
-5.72
-5.72
-5.725
-5.74
-5.76
-5.785
-5.8
-5.82
-5.84
-5.87
-5.875
-5.88
-5.885
-5.89
-5.89
-5.885
-5.895
-5.895
-5.885
-5.885
-5.885
-5.885
-5.885
-5.9
-5.92
-5.885
-5.785
-5.64
-5.47
-5.19
-4.805
-4.415
-4.155
-4.045
-4.035
-4.17
-4.44
-4.845
-5.305
-5.76
-6.11
-6.26
-6.265
-6.265
-6.26
-6.255
-6.22
-6.175
-6.125
-6.095
-6.09
-6.08
-6.075
-6.06
-6.055
-6.05
-6.04
-6.04
-6.05
-6.045
-6.04
-6.04
-6.04
-6.025
-6.015
-6.005
-5.99
-5.975
-5.965
-5.95
-5.92
-5.89
-5.86
-5.825
-5.79
-5.755
-5.71
-5.68
-5.645
-5.62
-5.595
-5.575
-5.56
-5.545
-5.535
-5.525
-5.52
-5.525
-5.525
-5.535
-5.545
-5.56
-5.58
-5.59
-5.61
-5.62
-5.64
-5.655
-5.675
-5.7
-5.725
-5.745
-5.76
-5.78
-5.8
-5.81
-5.82
-5.825
-5.84
-5.85
-5.855
-5.865
-5.87
-5.875
-5.875
-5.875
-5.875
-5.865
-5.86
-5.87
-5.865
-5.86
-5.855
-5.85
-5.85
-5.845
-5.845
-5.84
-5.835
-5.825
-5.81
-5.795
-5.77
-5.745
-5.73
-5.725
-5.73
-5.735
-5.74
-5.735
-5.715
-5.69
-5.68
-5.685
-5.695
-5.69
-5.69
-5.695
-5.7
-5.71
-5.73
-5.75
-5.76
-5.785
-5.805
-5.83
-5.85
-5.86
-5.865
-5.865
-5.87
-5.875
-5.885
-5.885
-5.89
-5.88
-5.88
-5.88
-5.88
-5.89
-5.915
-5.9
-5.82
-5.685
-5.54
-5.32
-4.97
-4.57
-4.24
-4.06
-4.0
-4.05
-4.26
-4.59
-5.02
-5.48
-5.9
-6.18
-6.265
-6.25
-6.24
-6.24
-6.215
-6.16
-6.105
-6.065
-6.055
-6.05
-6.045
-6.04
-6.04
-6.03
-6.035
-6.03
-6.03
-6.03
-6.025
-6.025
-6.025
-6.015
-6.01
-6.0
-5.99
-5.975
-5.955
-5.935
-5.915
-5.89
-5.865
-5.84
-5.81
-5.775
-5.74
-5.705
-5.67
-5.64
-5.615
-5.595
-5.58
-5.56
-5.54
-5.525
-5.515
-5.505
-5.51
-5.515
-5.525
-5.53
-5.545
-5.565
-5.585
-5.605
-5.62
-5.64
-5.655
-5.68
-5.695
-5.715
-5.73
-5.745
-5.76
-5.77
-5.785
-5.8
-5.82
-5.825
-5.84
-5.845
-5.85
-5.855
-5.865
-5.86
-5.865
-5.865
-5.865
-5.86
-5.86
-5.855
-5.85
-5.84
-5.84
-5.835
-5.835
-5.83
-5.83
-5.825
-5.825
-5.82
-5.815
-5.8
-5.785
-5.77
-5.75
-5.735
-5.725
-5.73
-5.73
-5.72
-5.705
-5.685
-5.66
-5.66
-5.67
-5.665
-5.675
-5.675
-5.685
-5.7
-5.72
-5.735
-5.75
-5.775
-5.79
-5.81
-5.835
-5.85
-5.86
-5.86
-5.86
-5.86
-5.865
-5.865
-5.86
-5.86
-5.86
-5.855
-5.855
-5.87
-5.895
-5.875
-5.785
-5.655
-5.505
-5.275
-4.92
-4.52
-4.22
-4.075
-4.045
-4.155
-4.395
-4.755
-5.2
-5.655
-6.025
-6.225
-6.25
-6.24
-6.235
-6.22
-6.175
-6.115
-6.055
-6.025
-6.02
-6.015
-6.0
-6.0
-5.995
-5.99
-5.99
-5.98
-5.98
-5.98
-5.97
-5.965
-5.96
-5.96
-5.96
-5.955
-5.95
-5.935
-5.91
-5.89
-5.87
-5.84
-5.81
-5.775
-5.74
-5.71
-5.67
-5.635
-5.61
-5.575
-5.55
-5.525
-5.505
-5.485
-5.475
-5.465
-5.46
-5.465
-5.46
-5.47
-5.48
-5.49
-5.5
-5.515
-5.535
-5.56
-5.58
-5.6
-5.625
-5.64
-5.665
-5.685
-5.705
-5.72
-5.735
-5.75
-5.76
-5.765
-5.775
-5.78
-5.79
-5.795
-5.8
-5.81
-5.81
-5.815
-5.82
-5.825
-5.83
-5.82
-5.83
-5.825
-5.82
-5.82
-5.815
-5.81
-5.8
-5.8
-5.8
-5.795
-5.79
-5.785
-5.77
-5.76
-5.74
-5.73
-5.73
-5.72
-5.72
-5.725
-5.72
-5.71
-5.69
-5.66
-5.65
-5.655
-5.66
-5.65
-5.645
-5.655
-5.67
-5.69
-5.715
-5.73
-5.75
-5.765
-5.785
-5.805
-5.82
-5.825
-5.83
-5.825
-5.835
-5.84
-5.84
-5.84
-5.84
-5.845
-5.845
-5.855
-5.86
-5.88
-5.885
-5.82
-5.695
-5.55
-5.36
-5.045
-4.645
-4.295
-4.095
-4.04
-4.11
-4.34
-4.65
-5.06
-5.515
-5.925
-6.18
-6.27
-6.265
-6.255
-6.25
-6.22
-6.16
-6.1
-6.05
-6.035
-6.02
-6.01
-6.0
-6.0
-5.995
-5.995
-5.995
-5.99
-5.99
-5.985
-5.98
-5.98
-5.98
-5.965
-5.955
-5.935
-5.92
-5.905
-5.885
-5.865
-5.84
-5.815
-5.785
-5.76
-5.725
-5.69
-5.655
-5.625
-5.6
-5.575
-5.54
-5.52
-5.5
-5.485
-5.48
-5.47
-5.465
-5.47
-5.48
-5.485
-5.5
-5.52
-5.54
-5.565
-5.595
-5.615
-5.625
-5.645
-5.67
-5.69
-5.705
-5.72
-5.735
-5.745
-5.76
-5.775
-5.785
-5.79
-5.8
-5.805
-5.815
-5.82
-5.825
-5.835
-5.84
-5.84
-5.84
-5.84
-5.84
-5.84
-5.84
-5.84
-5.84
-5.835
-5.83
-5.83
-5.825
-5.825
-5.825
-5.82
-5.805
-5.8
-5.795
-5.78
-5.775
-5.76
-5.745
-5.745
-5.73
-5.735
-5.74
-5.73
-5.715
-5.695
-5.68
-5.68
-5.69
-5.69
-5.69
-5.695
-5.71
-5.72
-5.735
-5.75
-5.765
-5.775
-5.79
-5.81
-5.83
-5.84
-5.845
-5.855
-5.86
-5.86
-5.86
-5.875
-5.895
-5.905
-5.93
-5.945
-5.945
-5.93
-5.85
-5.72
-5.52
-5.305
-5.055
-4.715
-4.34
-4.065
-3.955
-3.93
-3.975
-4.185
-4.56
-5.04
-5.505
-5.92
-6.16
-6.245
-6.25
-6.24
-6.225
-6.2
-6.175
-6.145
-6.115
-6.095
-6.095
-6.095
-6.095
-6.095
-6.1
-6.1
-6.095
-6.095
-6.1
-6.105
-6.105
-6.115
-6.105
-6.1
-6.095
-6.09
-6.08
-6.075
-6.065
-6.06
-6.035
-6.015
-6.0
-5.975
-5.955
-5.92
-5.89
-5.865
-5.83
-5.805
-5.775
-5.75
-5.725
-5.705
-5.695
-5.68
-5.67
-5.655
-5.64
-5.635
-5.635
-5.64
-5.64
-5.64
-5.65
-5.66
-5.68
-5.7
-5.71
-5.71
-5.715
-5.72
-5.73
-5.735
-5.74
-5.77
-5.78
-5.775
-5.78
-5.79
-5.785
-5.79
-5.8
-5.81
-5.815
-5.8
-5.805
-5.815
-5.82
-5.82
-5.82
-5.825
-5.82
-5.83
-5.83
-5.82
-5.81
-5.815
-5.82
-5.82
-5.815
-5.815
-5.8
-5.79
-5.78
-5.77
-5.76
-5.755
-5.76
-5.765
-5.76
-5.76
-5.75
-5.74
-5.72
-5.7
-5.69
-5.695
-5.7
-5.695
-5.7
-5.71
-5.71
-5.72
-5.735
-5.755
-5.775
-5.79
-5.8
-5.825
-5.84
-5.845
-5.85
-5.86
-5.875
-5.865
-5.86
-5.855
-5.84
-5.84
-5.84
-5.84
-5.835
-5.855
-5.855
-5.815
-5.695
-5.555
-5.345
-5.015
-4.62
-4.265
-4.055
-3.985
-4.0
-4.175
-4.455
-4.87
-5.32
-5.775
-6.1
-6.245
-6.245
-6.245
-6.245
-6.245
-6.21
-6.155
-6.105
-6.07
-6.065
-6.06
-6.045
-6.02
-6.01
-6.005
-6.015
-6.015
-6.01
-6.01
-6.01
-6.01
-6.0
-5.985
-5.98
-5.975
-5.96
-5.96
-5.94
-5.905
-5.875
-5.865
-5.825
-5.77
-5.73
-5.69
-5.655
-5.62
-5.61
-5.585
-5.57
-5.55
-5.52
-5.485
-5.465
-5.46
-5.465
-5.48
-5.5
-5.52
-5.53
-5.55
-5.565
-5.575
-5.595
-5.61
-5.635
-5.66
-5.695
-5.72
-5.725
-5.75
-5.76
-5.775
-5.785
-5.8
-5.8
-5.81
-5.81
-5.825
-5.845
-5.865
-5.87
-5.86
-5.87
-5.865
-5.875
-5.87
-5.875
-5.88
-5.87
-5.86
-5.85
-5.845
-5.84
-5.83
-5.82
-5.81
-5.81
-5.805
-5.805
-5.8
-5.8
-5.795
-5.785
-5.76
-5.75
-5.75
-5.745
-5.755
-5.755
-5.74
-5.72
-5.705
-5.69
-5.69
-5.7
-5.715
-5.715
-5.715
-5.72
-5.74
-5.76
-5.78
-5.795
-5.815
-5.835
-5.86
-5.89
-5.89
-5.88
-5.885
-5.885
-5.89
-5.895
-5.885
-5.885
-5.88
-5.875
-5.87
-5.88
-5.895
-5.9
-5.855
-5.735
-5.595
-5.4
-5.105
-4.71
-4.34
-4.105
-4.01
-4.02
-4.2
-4.505
-4.935
-5.395
-5.84
-6.15
-6.25
-6.24
-6.24
-6.235
-6.215
-6.17
-6.12
-6.085
-6.075
-6.065
-6.06
-6.055
-6.055
-6.055
-6.05
-6.045
-6.035
-6.03
-6.025
-6.015
-6.015
-6.005
-6.0
-5.99
-5.99
-5.97
-5.955
-5.94
-5.915
-5.885
-5.865
-5.84
-5.8
-5.765
-5.725
-5.68
-5.635
-5.615
-5.58
-5.56
-5.545
-5.52
-5.515
-5.505
-5.51
-5.505
-5.5
-5.51
-5.52
-5.54
-5.55
-5.565
-5.58
-5.6
-5.62
-5.64
-5.665
-5.69
-5.71
-5.725
-5.74
-5.755
-5.765
-5.775
-5.78
-5.79
-5.8
-5.81
-5.815
-5.81
-5.815
-5.82
-5.835
-5.835
-5.835
-5.835
-5.835
-5.83
-5.825
-5.82
-5.81
-5.81
-5.805
-5.805
-5.8
-5.795
-5.785
-5.77
-5.76
-5.76
-5.76
-5.745
-5.735
-5.725
-5.715
-5.695
-5.685
-5.68
-5.68
-5.68
-5.68
-5.67
-5.65
-5.63
-5.625
-5.635
-5.635
-5.635
-5.635
-5.64
-5.66
-5.68
-5.7
-5.715
-5.725
-5.74
-5.76
-5.78
-5.795
-5.805
-5.825
-5.845
-5.865
-5.895
-5.92
-5.925
-5.885
-5.805
-5.705
-5.58
-5.425
-5.23
-4.97
-4.65
-4.36
-4.14
-4.0
-3.94
-3.96
-4.075
-4.34
-4.8
-5.27
-5.64
-5.835
-6.005
-6.13
-6.2
-6.215
-6.165
-6.075
-6.025
-6.005
-6.005
-6.005
-6.005
-6.005
-6.015
-6.015
-6.02
-6.025
-6.035
-6.045
-6.045
-6.05
-6.05
-6.055
-6.06
-6.065
-6.065
-6.07
-6.07
-6.065
-6.065
-6.055
-6.045
-6.035
-6.01
-5.99
-5.965
-5.935
-5.905
-5.88
-5.85
-5.825
-5.795
-5.76
-5.735
-5.7
-5.68
-5.66
-5.64
-5.635
-5.625
-5.625
-5.615
-5.61
-5.615
-5.615
-5.62
-5.615
-5.625
-5.63
-5.635
-5.64
-5.655
-5.66
-5.67
-5.68
-5.69
-5.7
-5.715
-5.72
-5.735
-5.74
-5.75
-5.755
-5.76
-5.765
-5.775
-5.785
-5.795
-5.8
-5.8
-5.8
-5.8
-5.8
-5.8
-5.8
-5.795
-5.795
-5.79
-5.785
-5.785
-5.78
-5.78
-5.77
-5.77
-5.76
-5.755
-5.74
-5.73
-5.72
-5.705
-5.695
-5.69
-5.69
-5.7
-5.69
-5.68
-5.655
-5.635
-5.62
-5.625
-5.63
-5.63
-5.63
-5.635
-5.645
-5.665
-5.685
-5.7
-5.725
-5.75
-5.76
-5.79
-5.805
-5.81
-5.81
-5.815
-5.815
-5.815
-5.81
-5.805
-5.8
-5.8
-5.805
-5.805
-5.805
-5.825
-5.835
-5.785
-5.665
-5.525
-5.36
-5.06
-4.665
-4.3
-4.08
-4.0
-4.04
-4.24
-4.555
-4.965
-5.44
-5.855
-6.115
-6.19
-6.18
-6.18
-6.17
-6.13
-6.07
-6.015
-5.985
-5.98
-5.975
-5.97
-5.97
-5.96
-5.955
-5.955
-5.96
-5.96
-5.96
-5.96
-5.955
-5.95
-5.945
-5.94
-5.93
-5.915
-5.895
-5.88
-5.855
-5.825
-5.795
-5.76
-5.73
-5.695
-5.66
-5.625
-5.59
-5.56
-5.535
-5.515
-5.495
-5.465
-5.445
-5.43
-5.415
-5.405
-5.4
-5.4
-5.41
-5.425
-5.44
-5.46
-5.475
-5.495
-5.52
-5.55
-5.575
-5.6
-5.62
-5.645
-5.665
-5.685
-5.7
-5.72
-5.735
-5.75
-5.765
-5.775
-5.79
-5.805
-5.815
-5.82
-5.825
-5.83
-5.835
-5.835
-5.835
-5.835
-5.83
-5.82
-5.82
-5.82
-5.815
-5.805
-5.805
-5.8
-5.8
-5.795
-5.79
-5.78
-5.765
-5.75
-5.74
-5.73
-5.725
-5.725
-5.725
-5.71
-5.695
-5.67
-5.645
-5.635
-5.635
-5.645
-5.645
-5.645
-5.65
-5.66
-5.675
-5.69
-5.71
-5.73
-5.755
-5.78
-5.8
-5.82
-5.835
-5.84
-5.85
-5.855
-5.855
-5.86
-5.865
-5.87
-5.87
-5.87
-5.865
-5.86
-5.87
-5.885
-5.89
-5.825
-5.695
-5.555
-5.355
-5.03
-4.63
-4.3
-4.12
-4.08
-4.135
-4.355
-4.665
-5.08
-5.525
-5.93
-6.2
-6.3
-6.285
-6.28
-6.28
-6.255
-6.19
-6.12
-6.065
-6.045
-6.04
-6.035
-6.03
-6.025
-6.025
-6.03
-6.03
-6.025
-6.02
-6.02
-6.02
-6.015
-6.015
-6.0
-5.995
-5.98
-5.965
-5.945
-5.93
-5.91
-5.88
-5.85
-5.82
-5.795
-5.755
-5.72
-5.685
-5.66
-5.625
-5.6
-5.58
-5.565
-5.55
-5.54
-5.535
-5.53
-5.53
-5.53
-5.54
-5.555
-5.57
-5.58
-5.6
-5.625
-5.64
-5.66
-5.67
-5.69
-5.715
-5.73
-5.75
-5.77
-5.785
-5.8
-5.815
-5.825
-5.835
-5.84
-5.85
-5.855
-5.865
-5.875
-5.88
-5.885
-5.89
-5.885
-5.88
-5.895
-5.895
-5.905
-5.915
-5.915
-5.9
-5.89
-5.88
-5.875
-5.87
-5.865
-5.86
-5.85
-5.84
-5.83
-5.82
-5.805
-5.8
-5.795
-5.79
-5.795
-5.8
-5.79
-5.77
-5.745
-5.73
-5.73
-5.73
-5.72
-5.73
-5.735
-5.74
-5.755
-5.775
-5.785
-5.8
-5.825
-5.845
-5.865
-5.88
-5.89
-5.89
-5.895
-5.905
-5.9
-5.895
-5.895
-5.895
-5.9
-5.905
-5.91
-5.91
-5.92
-5.955
-5.945
-5.865
-5.73
-5.575
-5.34
-4.99
-4.6
-4.29
-4.14
-4.1
-4.17
-4.39
-4.73
-5.17
-5.635
-6.015
-6.25
-6.31
-6.3
-6.3
-6.3
-6.27
-6.22
-6.165
-6.12
-6.105
-6.11
-6.105
-6.095
-6.07
-6.055
-6.05
-6.045
-6.04
-6.03
-6.025
-6.02
-6.02
-6.01
-6.0
-6.0
-5.985
-5.97
-5.945
-5.92
-5.895
-5.87
-5.84
-5.81
-5.78
-5.745
-5.715
-5.695
-5.67
-5.64
-5.62
-5.59
-5.575
-5.56
-5.555
-5.545
-5.535
-5.54
-5.545
-5.54
-5.555
-5.57
-5.6
-5.615
-5.63
-5.65
-5.665
-5.685
-5.715
-5.735
-5.755
-5.78
-5.805
-5.82
-5.83
-5.825
-5.825
-5.835
-5.845
-5.855
-5.87
-5.88
-5.885
-5.89
-5.895
-5.885
-5.87
-5.87
-5.87
-5.87
-5.875
-5.875
-5.87
-5.86
-5.85
-5.84
-5.84
-5.845
-5.85
-5.835
-5.825
-5.815
-5.805
-5.795
-5.785
-5.78
-5.785
-5.78
-5.76
-5.72
-5.7
-5.695
-5.71
-5.71
-5.71
-5.715
-5.74
-5.755
-5.77
-5.79
-5.815
-5.835
-5.845
-5.88
-5.89
-5.905
-5.92
-5.91
-5.905
-5.895
-5.9
-5.9
-5.9
-5.9
-5.9
-5.89
-5.885
-5.89
-5.91
-5.915
-5.865
-5.745
-5.6
-5.395
-5.075
-4.67
-4.325
-4.135
-4.075
-4.125
-4.335
-4.68
-5.12
-5.58
-5.98
-6.24
-6.3
-6.29
-6.295
-6.28
-6.26
-6.2
-6.145
-6.105
-6.09
-6.085
-6.085
-6.085
-6.095
-6.095
-6.095
-6.085
-6.08
-6.07
-6.065
-6.07
-6.065
-6.05
-6.035
-6.015
-6.005
-5.99
-5.97
-5.945
-5.92
-5.88
-5.845
-5.805
-5.77
-5.735
-5.71
-5.7
-5.675
-5.64
-5.61
-5.59
-5.58
-5.58
-5.575
-5.565
-5.56
-5.56
-5.565
-5.58
-5.595
-5.615
-5.63
-5.64
-5.66
-5.68
-5.7
-5.715
-5.725
-5.755
-5.78
-5.805
-5.815
-5.815
-5.825
-5.84
-5.85
-5.875
-5.88
-5.885
-5.905
-5.9
-5.9
-5.895
-5.895
-5.91
-5.905
-5.9
-5.905
-5.905
-5.89
-5.88
-5.88
-5.875
-5.86
-5.865
-5.865
-5.865
-5.855
-5.84
-5.83
-5.805
-5.8
-5.785
-5.775
-5.775
-5.78
-5.78
-5.755
-5.74
-5.715
-5.71
-5.72
-5.715
-5.72
-5.73
-5.74
-5.755
-5.775
-5.79
-5.8
-5.81
-5.835
-5.85
-5.88
-5.89
-5.89
-5.89
-5.9
-5.905
-5.9
-5.905
-5.92
-5.915
-5.9
-5.89
-5.89
-5.895
-5.91
-5.905
-5.855
-5.705
-5.565
-5.335
-4.985
-4.595
-4.25
-4.07
-4.01
-4.08
-4.3
-4.64
-5.08
-5.55
-5.955
-6.2
-6.25
-6.24
-6.245
-6.24
-6.21
-6.175
-6.135
-6.11
-6.09
-6.09
-6.07
-6.065
-6.065
-6.07
-6.06
-6.05
-6.055
-6.05
-6.045
-6.035
-6.025
-6.025
-6.03
-6.03
-6.02
-6.0
-5.98
-5.96
-5.935
-5.905
-5.88
-5.845
-5.815
-5.78
-5.75
-5.715
-5.675
-5.635
-5.61
-5.585
-5.565
-5.55
-5.535
-5.525
-5.525
-5.525
-5.535
-5.555
-5.565
-5.575
-5.59
-5.605
-5.625
-5.64
-5.67
-5.695
-5.72
-5.74
-5.755
-5.77
-5.775
-5.785
-5.8
-5.81
-5.82
-5.82
-5.825
-5.84
-5.85
-5.86
-5.86
-5.865
-5.87
-5.875
-5.88
-5.88
-5.88
-5.87
-5.87
-5.875
-5.875
-5.87
-5.865
-5.855
-5.845
-5.84
-5.825
-5.82
-5.81
-5.805
-5.785
-5.77
-5.76
-5.74
-5.74
-5.74
-5.735
-5.73
-5.72
-5.7
-5.68
-5.67
-5.67
-5.675
-5.675
-5.67
-5.685
-5.695
-5.71
-5.73
-5.75
-5.77
-5.785
-5.815
-5.84
-5.86
-5.86
-5.85
-5.855
-5.86
-5.86
-5.87
-5.875
-5.865
-5.86
-5.86
-5.85
-5.85
-5.87
-5.885
-5.865
-5.775
-5.64
-5.48
-5.215
-4.825
-4.425
-4.13
-3.985
-3.955
-4.065
-4.315
-4.68
-5.14
-5.6
-5.975
-6.19
-6.215
-6.2
-6.2
-6.19
-6.155
-6.1
-6.045
-6.03
-6.025
-6.02
-6.015
-6.015
-6.015
-6.015
-6.01
-6.0
-5.995
-5.99
-5.99
-5.99
-5.99
-5.98
-5.975
-5.965
-5.955
-5.935
-5.92
-5.9
-5.88
-5.86
-5.82
-5.79
-5.765
-5.73
-5.695
-5.66
-5.625
-5.6
-5.58
-5.56
-5.535
-5.51
-5.49
-5.48
-5.47
-5.47
-5.465
-5.465
-5.48
-5.49
-5.505
-5.52
-5.53
-5.55
-5.575
-5.6
-5.625
-5.65
-5.67
-5.69
-5.71
-5.715
-5.735
-5.745
-5.76
-5.765
-5.78
-5.79
-5.785
-5.795
-5.8
-5.8
-5.81
-5.815
-5.815
-5.81
-5.805
-5.81
-5.82
-5.82
-5.82
-5.815
-5.81
-5.81
-5.805
-5.8
-5.8
-5.795
-5.79
-5.785
-5.78
-5.77
-5.76
-5.745
-5.73
-5.71
-5.71
-5.7
-5.7
-5.7
-5.695
-5.68
-5.655
-5.64
-5.635
-5.64
-5.645
-5.65
-5.655
-5.655
-5.665
-5.68
-5.7
-5.72
-5.735
-5.76
-5.775
-5.8
-5.82
-5.825
-5.83
-5.83
-5.83
-5.83
-5.835
-5.84
-5.84
-5.835
-5.83
-5.825
-5.83
-5.84
-5.865
-5.845
-5.76
-5.62
-5.46
-5.215
-4.845
-4.445
-4.15
-4.005
-3.98
-4.08
-4.31
-4.675
-5.11
-5.57
-5.955
-6.165
-6.2
-6.19
-6.185
-6.18
-6.14
-6.09
-6.04
-6.01
-6.01
-6.005
-6.0
-6.0
-6.0
-5.995
-5.99
-5.995
-6.0
-6.0
-5.995
-5.99
-5.98
-5.97
-5.965
-5.96
-5.955
-5.94
-5.92
-5.9
-5.88
-5.86
-5.835
-5.8
-5.76
-5.735
-5.7
-5.67
-5.64
-5.61
-5.585
-5.56
-5.54
-5.52
-5.51
-5.485
-5.475
-5.465
-5.465
-5.47
-5.475
-5.49
-5.505
-5.525
-5.545
-5.565
-5.59
-5.61
-5.635
-5.65
-5.675
-5.695
-5.71
-5.73
-5.745
-5.76
-5.775
-5.785
-5.8
-5.81
-5.81
-5.82
-5.825
-5.825
-5.83
-5.84
-5.84
-5.835
-5.835
-5.835
-5.835
-5.83
-5.825
-5.825
-5.815
-5.815
-5.815
-5.81
-5.805
-5.8
-5.79
-5.785
-5.785
-5.78
-5.775
-5.76
-5.745
-5.72
-5.71
-5.7
-5.7
-5.705
-5.7
-5.685
-5.66
-5.64
-5.635
-5.64
-5.64
-5.645
-5.655
-5.66
-5.68
-5.695
-5.705
-5.725
-5.75
-5.77
-5.795
-5.82
-5.84
-5.84
-5.84
-5.84
-5.84
-5.84
-5.84
-5.84
-5.84
-5.835
-5.835
-5.83
-5.835
-5.85
-5.86
-5.825
-5.72
-5.58
-5.42
-5.15
-4.76
-4.37
-4.115
-4.01
-4.01
-4.17
-4.45
-4.84
-5.29
-5.74
-6.055
-6.2
-6.195
-6.195
-6.19
-6.165
-6.115
-6.055
-6.01
-6.0
-5.995
-5.99
-5.99
-5.99
-5.985
-5.985
-5.98
-5.975
-5.97
-5.965
-5.965
-5.965
-5.955
-5.945
-5.935
-5.925
-5.91
-5.89
-5.875
-5.855
-5.835
-5.81
-5.785
-5.75
-5.715
-5.68
-5.65
-5.62
-5.59
-5.56
-5.535
-5.51
-5.49
-5.48
-5.47
-5.465
-5.455
-5.45
-5.45
-5.46
-5.47
-5.485
-5.5
-5.52
-5.54
-5.565
-5.585
-5.61
-5.635
-5.66
-5.68
-5.705
-5.72
-5.745
-5.76
-5.77
-5.78
-5.79
-5.8
-5.805
-5.82
-5.82
-5.83
-5.835
-5.84
-5.84
-5.84
-5.84
-5.84
-5.845
-5.845
-5.84
-5.84
-5.84
-5.84
-5.84
-5.835
-5.83
-5.83
-5.82
-5.82
-5.815
-5.805
-5.8
-5.78
-5.765
-5.76
-5.75
-5.74
-5.74
-5.74
-5.725
-5.71
-5.685
-5.67
-5.67
-5.68
-5.68
-5.68
-5.685
-5.69
-5.7
-5.72
-5.735
-5.75
-5.775
-5.8
-5.82
-5.84
-5.85
-5.86
-5.865
-5.875
-5.88
-5.88
-5.88
-5.875
-5.875
-5.87
-5.87
-5.87
-5.875
-5.895
-5.89
-5.815
-5.69
-5.555
-5.35
-5.015
-4.615
-4.265
-4.075
-4.025
-4.105
-4.345
-4.68
-5.115
-5.575
-5.97
-6.205
-6.265
-6.255
-6.245
-6.235
-6.195
-6.13
-6.075
-6.04
-6.04
-6.035
-6.025
-6.02
-6.01
-6.005
-6.0
-6.0
-5.995
-5.99
-5.985
-5.98
-5.98
-5.98
-5.975
-5.965
-5.96
-5.945
-5.925
-5.905
-5.875
-5.845
-5.815
-5.78
-5.75
-5.72
-5.68
-5.655
-5.625
-5.6
-5.58
-5.555
-5.54
-5.52
-5.505
-5.495
-5.485
-5.48
-5.48
-5.49
-5.5
-5.515
-5.525
-5.54
-5.555
-5.575
-5.595
-5.62
-5.645
-5.67
-5.69
-5.705
-5.725
-5.745
-5.76
-5.775
-5.79
-5.8
-5.81
-5.815
-5.825
-5.83
-5.835
-5.84
-5.84
-5.845
-5.86
-5.86
-5.86
-5.865
-5.865
-5.865
-5.86
-5.85
-5.845
-5.84
-5.84
-5.835
-5.825
-5.82
-5.815
-5.8
-5.795
-5.77
-5.76
-5.76
-5.75
-5.755
-5.75
-5.745
-5.735
-5.71
-5.69
-5.685
-5.69
-5.685
-5.68
-5.675
-5.685
-5.695
-5.715
-5.73
-5.745
-5.765
-5.79
-5.81
-5.835
-5.85
-5.86
-5.86
-5.86
-5.87
-5.875
-5.875
-5.875
-5.87
-5.87
-5.87
-5.875
-5.88
-5.89
-5.915
-5.905
-5.825
-5.69
-5.55
-5.33
-4.98
-4.575
-4.245
-4.07
-4.025
-4.135
-4.385
-4.74
-5.165
-5.615
-6.0
-6.23
-6.28
-6.275
-6.265
-6.27
-6.235
-6.18
-6.12
-6.08
-6.07
-6.06
-6.04
-6.03
-6.02
-6.01
-6.005
-6.0
-5.995
-6.0
-6.0
-5.99
-5.985
-5.985
-5.97
-5.96
-5.945
-5.935
-5.92
-5.895
-5.875
-5.85
-5.82
-5.795
-5.76
-5.73
-5.705
-5.67
-5.645
-5.61
-5.585
-5.565
-5.55
-5.535
-5.52
-5.52
-5.52
-5.515
-5.52
-5.52
-5.53
-5.54
-5.55
-5.565
-5.58
-5.6
-5.62
-5.64
-5.67
-5.69
-5.71
-5.735
-5.755
-5.77
-5.78
-5.79
-5.795
-5.805
-5.815
-5.82
-5.83
-5.835
-5.84
-5.85
-5.85
-5.855
-5.855
-5.86
-5.86
-5.86
-5.86
-5.86
-5.855
-5.855
-5.85
-5.85
-5.85
-5.85
-5.85
-5.845
-5.83
-5.82
-5.8
-5.795
-5.785
-5.785
-5.785
-5.77
-5.75
-5.725
-5.705
-5.7
-5.705
-5.715
-5.72
-5.715
-5.73
-5.74
-5.76
-5.775
-5.79
-5.805
-5.83
-5.85
-5.87
-5.89
-5.895
-5.885
-5.88
-5.88
-5.88
-5.88
-5.88
-5.88
-5.88
-5.88
-5.875
-5.875
-5.89
-5.91
-5.895
-5.8
-5.67
-5.525
-5.28
-4.905
-4.51
-4.22
-4.085
-4.075
-4.23
-4.5
-4.88
-5.315
-5.76
-6.09
-6.28
-6.295
-6.28
-6.28
-6.265
-6.215
-6.155
-6.095
-6.065
-6.065
-6.06
-6.055
-6.05
-6.04
-6.035
-6.035
-6.035
-6.025
-6.02
-6.02
-6.01
-5.995
-5.99
-5.975
-5.955
-5.93
-5.92
-5.91
-5.895
-5.88
-5.84
-5.8
-5.765
-5.735
-5.705
-5.67
-5.64
-5.61
-5.58
-5.56
-5.54
-5.52
-5.515
-5.5
-5.495
-5.49
-5.495
-5.5
-5.515
-5.525
-5.54
-5.555
-5.57
-5.585
-5.605
-5.625
-5.645
-5.665
-5.685
-5.705
-5.725
-5.745
-5.76
-5.775
-5.79
-5.8
-5.815
-5.825
-5.83
-5.84
-5.84
-5.845
-5.85
-5.85
-5.85
-5.845
-5.84
-5.835
-5.83
-5.825
-5.82
-5.815
-5.805
-5.805
-5.8
-5.79
-5.78
-5.76
-5.745
-5.74
-5.735
-5.74
-5.74
-5.735
-5.72
-5.695
-5.68
-5.665
-5.67
-5.68
-5.685
-5.68
-5.69
-5.705
-5.72
-5.74
-5.76
-5.765
-5.795
-5.81
-5.84
-5.86
-5.87
-5.875
-5.875
-5.875
-5.88
-5.885
-5.885
-5.875
-5.87
-5.875
-5.89
-5.875
-5.89
-5.91
-5.89
-5.795
-5.66
-5.52
-5.315
-4.98
-4.585
-4.255
-4.08
-4.04
-4.14
-4.385
-4.73
-5.16
-5.615
-5.995
-6.22
-6.27
-6.255
-6.25
-6.245
-6.205
-6.15
-6.09
-6.055
-6.055
-6.055
-6.045
-6.04
-6.025
-6.02
-6.01
-6.0
-5.995
-5.985
-5.985
-5.975
-5.965
-5.96
-5.95
-5.935
-5.93
-5.91
-5.895
-5.88
-5.86
-5.83
-5.8
-5.775
-5.745
-5.71
-5.68
-5.655
-5.625
-5.59
-5.56
-5.54
-5.525
-5.51
-5.5
-5.485
-5.49
-5.49
-5.49
-5.495
-5.51
-5.525
-5.54
-5.555
-5.57
-5.59
-5.605
-5.625
-5.65
-5.67
-5.695
-5.72
-5.74
-5.765
-5.785
-5.8
-5.815
-5.825
-5.83
-5.835
-5.84
-5.84
-5.845
-5.85
-5.85
-5.85
-5.855
-5.855
-5.855
-5.85
-5.845
-5.84
-5.835
-5.83
-5.825
-5.815
-5.8
-5.78
-5.775
-5.77
-5.76
-5.755
-5.74
-5.73
-5.705
-5.685
-5.665
-5.66
-5.67
-5.67
-5.665
-5.67
-5.68
-5.695
-5.715
-5.735
-5.755
-5.775
-5.795
-5.825
-5.84
-5.86
-5.87
-5.875
-5.88
-5.88
-5.885
-5.885
-5.885
-5.885
-5.885
-5.885
-5.875
-5.88
-5.9
-5.905
-5.84
-5.715
-5.585
-5.395
-5.08
-4.675
-4.32
-4.13
-4.08
-4.16
-4.4
-4.725
-5.15
-5.605
-6.0
-6.24
-6.295
-6.28
-6.28
-6.275
-6.23
-6.16
-6.1
-6.055
-6.04
-6.04
-6.03
-6.03
-6.025
-6.02
-6.02
-6.005
-6.0
-5.99
-5.98
-5.98
-5.97
-5.965
-5.955
-5.95
-5.945
-5.935
-5.92
-5.91
-5.88
-5.85
-5.82
-5.8
-5.765
-5.735
-5.705
-5.675
-5.645
-5.615
-5.585
-5.56
-5.545
-5.53
-5.52
-5.52
-5.515
-5.52
-5.52
-5.52
-5.535
-5.545
-5.56
-5.575
-5.595
-5.61
-5.63
-5.645
-5.665
-5.68
-5.7
-5.725
-5.74
-5.76
-5.78
-5.78
-5.795
-5.805
-5.815
-5.82
-5.83
-5.83
-5.835
-5.84
-5.845
-5.85
-5.855
-5.86
-5.865
-5.86
-5.86
-5.86
-5.845
-5.83
-5.815
-5.79
-5.79
-5.78
-5.77
-5.77
-5.77
-5.76
-5.74
-5.72
-5.7
-5.69
-5.69
-5.69
-5.69
-5.69
-5.7
-5.72
-5.74
-5.76
-5.775
-5.785
-5.805
-5.835
-5.85
-5.86
-5.86
-5.86
-5.865
-5.875
-5.88
-5.88
-5.88
-5.88
-5.88
-5.87
-5.87
-5.88
-5.9
-5.92
-5.885
-5.77
-5.62
-5.445
-5.16
-4.765
-4.385
-4.13
-4.035
-4.035
-4.2
-4.49
-4.9
-5.36
-5.795
-6.12
-6.275
-6.285
-6.285
-6.28
-6.275
-6.24
-6.19
-6.13
-6.08
-6.07
-6.06
-6.06
-6.05
-6.055
-6.05
-6.045
-6.045
-6.04
-6.035
-6.02
-6.015
-6.005
-5.99
-5.975
-5.965
-5.955
-5.925
-5.905
-5.88
-5.86
-5.84
-5.815
-5.78
-5.76
-5.74
-5.71
-5.68
-5.65
-5.63
-5.615
-5.595
-5.58
-5.57
-5.565
-5.565
-5.57
-5.57
-5.56
-5.57
-5.575
-5.6
-5.625
-5.625
-5.63
-5.64
-5.655
-5.675
-5.695
-5.715
-5.74
-5.76
-5.775
-5.795
-5.81
-5.815
-5.82
-5.835
-5.835
-5.845
-5.855
-5.865
-5.87
-5.865
-5.86
-5.85
-5.85
-5.84
-5.84
-5.84
-5.835
-5.845
-5.845
-5.84
-5.82
-5.8
-5.785
-5.775
-5.77
-5.77
-5.76
-5.75
-5.73
-5.705
-5.675
-5.66
-5.68
-5.685
-5.69
-5.69
-5.69
-5.695
-5.705
-5.725
-5.75
-5.77
-5.785
-5.805
-5.835
-5.86
-5.88
-5.88
-5.87
-5.875
-5.875
-5.885
-5.88
-5.875
-5.87
-5.87
-5.87
-5.875
-5.89
-5.905
-5.9
-5.81
-5.665
-5.52
-5.295
-4.94
-4.54
-4.215
-4.045
-3.995
-4.045
-4.26
-4.585
-5.025
-5.465
-5.88
-6.165
-6.26
-6.25
-6.235
-6.23
-6.23
-6.19
-6.15
-6.105
-6.075
-6.06
-6.055
-6.045
-6.035
-6.035
-6.025
-6.02
-6.005
-6.005
-6.005
-6.0
-6.0
-5.98
-5.975
-5.965
-5.95
-5.935
-5.92
-5.9
-5.88
-5.855
-5.83
-5.81
-5.78
-5.75
-5.715
-5.69
-5.66
-5.635
-5.6
-5.58
-5.565
-5.56
-5.55
-5.54
-5.53
-5.52
-5.52
-5.53
-5.535
-5.55
-5.565
-5.59
-5.605
-5.62
-5.64
-5.66
-5.68
-5.71
-5.735
-5.755
-5.77
-5.78
-5.795
-5.805
-5.815
-5.82
-5.835
-5.84
-5.84
-5.845
-5.85
-5.855
-5.855
-5.855
-5.855
-5.855
-5.85
-5.845
-5.845
-5.84
-5.84
-5.84
-5.835
-5.825
-5.8
-5.78
-5.765
-5.76
-5.76
-5.75
-5.74
-5.725
-5.695
-5.67
-5.65
-5.66
-5.66
-5.66
-5.66
-5.67
-5.68
-5.695
-5.715
-5.73
-5.755
-5.78
-5.81
-5.845
-5.87
-5.88
-5.88
-5.88
-5.88
-5.88
-5.875
-5.875
-5.875
-5.87
-5.87
-5.87
-5.875
-5.89
-5.91
-5.875
-5.765
-5.62
-5.455
-5.17
-4.765
-4.375
-4.125
-4.025
-4.025
-4.195
-4.48
-4.9
-5.365
-5.805
-6.12
-6.26
-6.245
-6.24
-6.24
-6.22
-6.175
-6.115
-6.06
-6.04
-6.04
-6.03
-6.025
-6.025
-6.015
-6.01
-6.0
-6.0
-6.0
-6.0
-6.0
-5.995
-5.99
-5.98
-5.975
-5.96
-5.94
-5.92
-5.905
-5.88
-5.85
-5.825
-5.795
-5.765
-5.735
-5.71
-5.68
-5.655
-5.63
-5.61
-5.585
-5.56
-5.55
-5.535
-5.52
-5.52
-5.51
-5.505
-5.51
-5.505
-5.52
-5.53
-5.55
-5.565
-5.585
-5.605
-5.63
-5.65
-5.665
-5.685
-5.7
-5.71
-5.73
-5.74
-5.75
-5.765
-5.775
-5.785
-5.795
-5.8
-5.81
-5.82
-5.825
-5.835
-5.835
-5.83
-5.83
-5.825
-5.82
-5.82
-5.825
-5.82
-5.81
-5.805
-5.805
-5.8
-5.785
-5.77
-5.755
-5.745
-5.74
-5.73
-5.735
-5.735
-5.725
-5.71
-5.685
-5.665
-5.64
-5.645
-5.64
-5.635
-5.635
-5.645
-5.66
-5.68
-5.69
-5.71
-5.73
-5.75
-5.77
-5.8
-5.815
-5.82
-5.825
-5.83
-5.83
-5.83
-5.83
-5.83
-5.835
-5.84
-5.84
-5.84
-5.84
-5.865
-5.875
-5.825
-5.71
-5.58
-5.415
-5.125
-4.72
-4.335
-4.095
-4.01
-4.035
-4.235
-4.535
-4.945
-5.405
-5.84
-6.13
-6.24
-6.235
-6.235
-6.23
-6.195
-6.135
-6.07
-6.02
-6.0
-6.0
-5.99
-5.985
-5.985
-5.98
-5.98
-5.975
-5.97
-5.965
-5.96
-5.96
-5.955
-5.945
-5.94
-5.93
-5.92
-5.91
-5.895
-5.875
-5.855
-5.835
-5.805
-5.775
-5.745
-5.715
-5.68
-5.64
-5.61
-5.58
-5.555
-5.535
-5.515
-5.5
-5.485
-5.48
-5.48
-5.475
-5.48
-5.49
-5.5
-5.515
-5.53
-5.545
-5.565
-5.58
-5.605
-5.625
-5.645
-5.665
-5.68
-5.7
-5.715
-5.725
-5.74
-5.755
-5.765
-5.77
-5.78
-5.795
-5.8
-5.805
-5.81
-5.815
-5.82
-5.825
-5.83
-5.825
-5.83
-5.83
-5.83
-5.83
-5.83
-5.835
-5.835
-5.83
-5.825
-5.82
-5.815
-5.805
-5.795
-5.78
-5.765
-5.755
-5.745
-5.74
-5.745
-5.74
-5.735
-5.715
-5.69
-5.68
-5.69
-5.69
-5.69
-5.695
-5.7
-5.705
-5.71
-5.72
-5.725
-5.75
-5.775
-5.795
-5.825
-5.84
-5.855
-5.855
-5.86
-5.86
-5.86
-5.865
-5.86
-5.86
-5.86
-5.855
-5.86
-5.86
-5.875
-5.895
-5.885
-5.81
-5.68
-5.545
-5.335
-4.99
-4.58
-4.245
-4.08
-4.05
-4.155
-4.4
-4.75
-5.18
-5.635
-6.01
-6.23
-6.285
-6.27
-6.27
-6.27
-6.235
-6.18
-6.12
-6.08
-6.06
-6.06
-6.05
-6.045
-6.04
-6.03
-6.03
-6.015
-6.01
-6.0
-6.0
-5.995
-5.99
-5.975
-5.97
-5.97
-5.955
-5.945
-5.93
-5.91
-5.885
-5.86
-5.83
-5.8
-5.775
-5.74
-5.705
-5.68
-5.645
-5.63
-5.62
-5.6
-5.575
-5.56
-5.545
-5.535
-5.52
-5.52
-5.515
-5.52
-5.525
-5.54
-5.555
-5.57
-5.59
-5.605
-5.625
-5.645
-5.67
-5.7
-5.725
-5.75
-5.765
-5.785
-5.8
-5.815
-5.825
-5.83
-5.825
-5.83
-5.84
-5.84
-5.845
-5.86
-5.865
-5.865
-5.865
-5.86
-5.865
-5.86
-5.87
-5.87
-5.865
-5.87
-5.865
-5.86
-5.865
-5.855
-5.845
-5.845
-5.84
-5.84
-5.83
-5.825
-5.815
-5.805
-5.8
-5.785
-5.785
-5.78
-5.76
-5.735
-5.715
-5.705
-5.705
-5.715
-5.72
-5.725
-5.735
-5.755
-5.78
-5.8
-5.8
-5.815
-5.835
-5.85
-5.87
-5.89
-5.9
-5.9
-5.895
-5.89
-5.895
-5.895
-5.895
-5.885
-5.885
-5.885
-5.88
-5.88
-5.905
-5.92
-5.875
-5.76
-5.62
-5.43
-5.125
-4.72
-4.355
-4.14
-4.065
-4.095
-4.29
-4.62
-5.065
-5.535
-5.96
-6.23
-6.315
-6.3
-6.295
-6.29
-6.26
-6.205
-6.145
-6.095
-6.075
-6.075
-6.08
-6.065
-6.06
-6.055
-6.055
-6.045
-6.04
-6.035
-6.035
-6.03
-6.03
-6.025
-6.025
-6.015
-6.0
-5.98
-5.945
-5.92
-5.9
-5.87
-5.845
-5.82
-5.785
-5.76
-5.725
-5.7
-5.67
-5.65
-5.635
-5.605
-5.58
-5.56
-5.555
-5.55
-5.545
-5.55
-5.545
-5.56
-5.575
-5.59
-5.6
-5.615
-5.635
-5.65
-5.67
-5.685
-5.7
-5.72
-5.74
-5.755
-5.775
-5.79
-5.805
-5.82
-5.835
-5.85
-5.865
-5.875
-5.88
-5.885
-5.89
-5.895
-5.89
-5.89
-5.89
-5.89
-5.88
-5.87
-5.865
-5.86
-5.85
-5.85
-5.85
-5.845
-5.84
-5.84
-5.84
-5.835
-5.82
-5.815
-5.805
-5.8
-5.78
-5.77
-5.77
-5.77
-5.76
-5.765
-5.765
-5.76
-5.75
-5.725
-5.72
-5.72
-5.73
-5.725
-5.72
-5.73
-5.74
-5.755
-5.765
-5.78
-5.8
-5.815
-5.835
-5.86
-5.88
-5.885
-5.89
-5.895
-5.9
-5.9
-5.9
-5.9
-5.885
-5.88
-5.875
-5.865
-5.87
-5.89
-5.895
-5.82
-5.68
-5.53
-5.3
-4.925
-4.52
-4.215
-4.065
-4.04
-4.16
-4.415
-4.78
-5.225
-5.67
-6.035
-6.24
-6.275
-6.26
-6.26
-6.265
-6.23
-6.17
-6.11
-6.06
-6.045
-6.045
-6.04
-6.03
-6.025
-6.015
-6.015
-6.005
-6.0
-6.0
-5.995
-5.99
-5.98
-5.98
-5.97
-5.96
-5.955
-5.94
-5.92
-5.905
-5.88
-5.85
-5.81
-5.77
-5.74
-5.705
-5.675
-5.64
-5.62
-5.595
-5.57
-5.555
-5.54
-5.52
-5.51
-5.5
-5.5
-5.495
-5.5
-5.505
-5.52
-5.525
-5.54
-5.56
-5.58
-5.6
-5.62
-5.64
-5.665
-5.68
-5.7
-5.72
-5.73
-5.745
-5.76
-5.775
-5.785
-5.8
-5.805
-5.815
-5.82
-5.825
-5.83
-5.83
-5.84
-5.84
-5.845
-5.85
-5.85
-5.845
-5.85
-5.84
-5.84
-5.835
-5.82
-5.815
-5.81
-5.8
-5.8
-5.795
-5.785
-5.78
-5.78
-5.77
-5.76
-5.75
-5.735
-5.725
-5.72
-5.72
-5.72
-5.715
-5.705
-5.69
-5.68
-5.66
-5.67
-5.68
-5.69
-5.69
-5.69
-5.7
-5.715
-5.73
-5.745
-5.76
-5.775
-5.795
-5.815
-5.835
-5.84
-5.84
-5.84
-5.84
-5.845
-5.85
-5.85
-5.855
-5.855
-5.855
-5.86
-5.865
-5.88
-5.895
-5.885
-5.8
-5.655
-5.515
-5.305
-4.965
-4.56
-4.23
-4.06
-4.02
-4.12
-4.36
-4.71
-5.15
-5.605
-5.98
-6.2
-6.24
-6.225
-6.225
-6.215
-6.17
-6.11
-6.05
-6.025
-6.02
-6.02
-6.01
-6.005
-6.0
-6.0
-5.99
-5.98
-5.98
-5.975
-5.97
-5.97
-5.965
-5.96
-5.95
-5.94
-5.925
-5.915
-5.9
-5.88
-5.855
-5.835
-5.805
-5.78
-5.74
-5.71
-5.68
-5.64
-5.6
-5.565
-5.54
-5.515
-5.5
-5.48
-5.475
-5.465
-5.46
-5.455
-5.46
-5.47
-5.48
-5.5
-5.51
-5.525
-5.54
-5.56
-5.58
-5.605
-5.62
-5.65
-5.675
-5.7
-5.72
-5.735
-5.75
-5.76
-5.765
-5.775
-5.785
-5.795
-5.8
-5.805
-5.815
-5.82
-5.825
-5.83
-5.835
-5.835
-5.84
-5.835
-5.83
-5.835
-5.835
-5.83
-5.83
-5.82
-5.82
-5.81
-5.805
-5.8
-5.785
-5.775
-5.775
-5.77
-5.77
-5.76
-5.74
-5.725
-5.725
-5.72
-5.72
-5.72
-5.72
-5.705
-5.685
-5.66
-5.655
-5.665
-5.67
-5.67
-5.67
-5.685
-5.7
-5.72
-5.74
-5.76
-5.775
-5.8
-5.81
-5.83
-5.845
-5.84
-5.84
-5.845
-5.85
-5.85
-5.855
-5.86
-5.855
-5.855
-5.855
-5.855
-5.86
-5.875
-5.9
-5.88
-5.78
-5.64
-5.485
-5.22
-4.835
-4.44
-4.16
-4.035
-4.025
-4.175
-4.435
-4.81
-5.255
-5.695
-6.045
-6.235
-6.25
-6.24
-6.235
-6.225
-6.185
-6.13
-6.07
-6.03
-6.02
-6.015
-6.005
-6.005
-6.005
-6.01
-6.005
-6.0
-5.995
-5.995
-5.99
-5.98
-5.98
-5.98
-5.97
-5.96
-5.945
-5.93
-5.91
-5.895
-5.87
-5.84
-5.815
-5.785
-5.76
-5.725
-5.7
-5.675
-5.64
-5.615
-5.585
-5.56
-5.53
-5.51
-5.5
-5.5
-5.5
-5.5
-5.49
-5.495
-5.5
-5.505
-5.515
-5.535
-5.56
-5.575
-5.595
-5.615
-5.635
-5.655
-5.68
-5.7
-5.72
-5.73
-5.755
-5.765
-5.785
-5.8
-5.82
-5.825
-5.83
-5.84
-5.85
-5.86
-5.86
-5.865
-5.86
-5.87
-5.865
-5.87
-5.87
-5.86
-5.86
-5.86
-5.855
-5.85
-5.85
-5.84
-5.84
-5.83
-5.825
-5.82
-5.82
-5.815
-5.8
-5.78
-5.76
-5.755
-5.75
-5.74
-5.74
-5.74
-5.735
-5.72
-5.69
-5.675
-5.665
-5.67
-5.675
-5.68
-5.68
-5.695
-5.71
-5.73
-5.745
-5.76
-5.785
-5.8
-5.83
-5.85
-5.86
-5.865
-5.865
-5.87
-5.88
-5.875
-5.875
-5.87
-5.87
-5.865
-5.865
-5.86
-5.87
-5.89
-5.89
-5.83
-5.7
-5.56
-5.355
-5.02
-4.61
-4.275
-4.095
-4.035
-4.11
-4.34
-4.695
-5.15
-5.6
-5.98
-6.215
-6.25
-6.235
-6.23
-6.235
-6.2
-6.15
-6.09
-6.035
-6.02
-6.015
-6.005
-6.0
-6.0
-5.995
-5.99
-5.99
-5.99
-5.995
-5.99
-5.985
-5.975
-5.97
-5.96
-5.95
-5.935
-5.92
-5.91
-5.89
-5.87
-5.845
-5.83
-5.8
-5.77
-5.74
-5.705
-5.67
-5.64
-5.61
-5.585
-5.56
-5.54
-5.52
-5.515
-5.505
-5.49
-5.485
-5.48
-5.49
-5.5
-5.51
-5.525
-5.54
-5.56
-5.575
-5.6
-5.625
-5.64
-5.655
-5.675
-5.695
-5.72
-5.725
-5.745
-5.755
-5.77
-5.785
-5.795
-5.81
-5.82
-5.83
-5.84
-5.84
-5.845
-5.845
-5.845
-5.845
-5.84
-5.84
-5.84
-5.84
-5.835
-5.83
-5.83
-5.825
-5.82
-5.82
-5.82
-5.815
-5.81
-5.8
-5.8
-5.795
-5.795
-5.78
-5.77
-5.76
-5.74
-5.73
-5.725
-5.73
-5.725
-5.72
-5.7
-5.69
-5.67
-5.665
-5.675
-5.68
-5.68
-5.685
-5.695
-5.705
-5.725
-5.735
-5.755
-5.775
-5.8
-5.82
-5.85
-5.87
-5.87
-5.88
-5.885
-5.89
-5.885
-5.885
-5.885
-5.88
-5.87
-5.87
-5.875
-5.88
-5.91
-5.905
-5.835
-5.7
-5.56
-5.35
-5.005
-4.61
-4.275
-4.1
-4.06
-4.14
-4.36
-4.695
-5.125
-5.6
-6.0
-6.24
-6.29
-6.275
-6.27
-6.26
-6.215
-6.155
-6.085
-6.045
-6.03
-6.025
-6.025
-6.01
-6.01
-6.01
-6.01
-6.005
-6.0
-6.0
-5.995
-5.99
-5.985
-5.98
-5.975
-5.97
-5.96
-5.945
-5.92
-5.9
-5.88
-5.86
-5.835
-5.8
-5.765
-5.735
-5.695
-5.67
-5.635
-5.61
-5.58
-5.56
-5.54
-5.53
-5.52
-5.51
-5.505
-5.5
-5.5
-5.5
-5.515
-5.52
-5.535
-5.555
-5.57
-5.585
-5.61
-5.635
-5.66
-5.68
-5.695
-5.72
-5.74
-5.755
-5.77
-5.785
-5.795
-5.805
-5.82
-5.83
-5.835
-5.84
-5.84
-5.84
-5.85
-5.86
-5.86
-5.865
-5.87
-5.865
-5.86
-5.865
-5.86
-5.865
-5.87
-5.865
-5.86
-5.85
-5.85
-5.84
-5.83
-5.83
-5.825
-5.815
-5.805
-5.79
-5.78
-5.77
-5.765
-5.76
-5.77
-5.77
-5.755
-5.725
-5.695
-5.67
-5.675
-5.68
-5.68
-5.675
-5.68
-5.69
-5.7
-5.725
-5.745
-5.77
-5.795
-5.805
-5.82
-5.84
-5.85
-5.85
-5.855
-5.86
-5.875
-5.875
-5.88
-5.885
-5.88
-5.875
-5.87
-5.87
-5.875
-5.9
-5.9
-5.84
-5.7
-5.56
-5.36
-5.025
-4.625
-4.285
-4.095
-4.035
-4.1
-4.33
-4.68
-5.125
-5.59
-5.99
-6.225
-6.27
-6.255
-6.255
-6.26
-6.22
-6.16
-6.1
-6.05
-6.04
-6.045
-6.04
-6.04
-6.04
-6.035
-6.02
-6.01
-6.0
-5.995
-5.98
-5.97
-5.965
-5.955
-5.95
-5.945
-5.94
-5.935
-5.925
-5.91
-5.885
-5.86
-5.835
-5.8
-5.765
-5.74
-5.705
-5.675
-5.65
-5.635
-5.605
-5.585
-5.565
-5.545
-5.525
-5.515
-5.505
-5.51
-5.51
-5.52
-5.525
-5.535
-5.55
-5.57
-5.595
-5.62
-5.645
-5.66
-5.675
-5.685
-5.7
-5.72
-5.73
-5.755
-5.775
-5.79
-5.805
-5.815
-5.815
-5.82
-5.825
-5.835
-5.84
-5.85
-5.855
-5.87
-5.87
-5.87
-5.865
-5.865
-5.86
-5.865
-5.86
-5.86
-5.86
-5.85
-5.84
-5.84
-5.83
-5.825
-5.82
-5.82
-5.815
-5.81
-5.795
-5.78
-5.77
-5.77
-5.76
-5.76
-5.76
-5.755
-5.735
-5.71
-5.695
-5.69
-5.69
-5.685
-5.68
-5.675
-5.685
-5.7
-5.725
-5.74
-5.76
-5.785
-5.8
-5.825
-5.84
-5.855
-5.855
-5.86
-5.87
-5.875
-5.875
-5.88
-5.875
-5.87
-5.87
-5.87
-5.88
-5.885
-5.91
-5.92
-5.875
-5.75
-5.61
-5.425
-5.13
-4.725
-4.35
-4.12
-4.03
-4.04
-4.2
-4.47
-4.84
-5.275
-5.73
-6.08
-6.26
-6.275
-6.265
-6.26
-6.26
-6.23
-6.175
-6.12
-6.08
-6.06
-6.05
-6.035
-6.025
-6.015
-6.01
-6.005
-6.01
-6.005
-6.0
-5.995
-5.99
-5.985
-5.975
-5.965
-5.955
-5.945
-5.93
-5.915
-5.9
-5.88
-5.86
-5.835
-5.81
-5.78
-5.755
-5.725
-5.695
-5.665
-5.635
-5.605
-5.585
-5.565
-5.545
-5.535
-5.52
-5.52
-5.52
-5.52
-5.52
-5.53
-5.545
-5.555
-5.575
-5.595
-5.61
-5.63
-5.655
-5.68
-5.695
-5.71
-5.73
-5.745
-5.76
-5.765
-5.775
-5.78
-5.79
-5.795
-5.805
-5.815
-5.825
-5.83
-5.83
-5.84
-5.84
-5.845
-5.85
-5.85
-5.85
-5.845
-5.845
-5.845
-5.84
-5.84
-5.84
-5.835
-5.84
-5.84
-5.835
-5.83
-5.83
-5.82
-5.815
-5.81
-5.805
-5.795
-5.78
-5.76
-5.755
-5.75
-5.74
-5.745
-5.745
-5.735
-5.72
-5.7
-5.685
-5.68
-5.69
-5.695
-5.7
-5.705
-5.715
-5.73
-5.745
-5.745
-5.755
-5.765
-5.785
-5.81
-5.83
-5.84
-5.845
-5.85
-5.855
-5.86
-5.86
-5.86
-5.86
-5.865
-5.86
-5.86
-5.86
-5.875
-5.89
-5.88
-5.79
-5.66
-5.52
-5.29
-4.925
-4.53
-4.22
-4.08
-4.07
-4.2
-4.46
-4.84
-5.285
-5.74
-6.08
-6.24
-6.255
-6.25
-6.255
-6.235
-6.18
-6.12
-6.07
-6.05
-6.045
-6.045
-6.04
-6.035
-6.025
-6.025
-6.02
-6.01
-6.0
-6.0
-5.99
-5.98
-5.975
-5.97
-5.965
-5.96
-5.94
-5.925
-5.905
-5.89
-5.87
-5.845
-5.82
-5.79
-5.76
-5.73
-5.7
-5.675
-5.64
-5.62
-5.595
-5.57
-5.56
-5.54
-5.525
-5.51
-5.505
-5.5
-5.5
-5.51
-5.52
-5.525
-5.54
-5.56
-5.58
-5.6
-5.625
-5.66
-5.68
-5.7
-5.725
-5.745
-5.76
-5.77
-5.785
-5.8
-5.815
-5.825
-5.84
-5.84
-5.845
-5.835
-5.845
-5.85
-5.86
-5.86
-5.86
-5.865
-5.87
-5.87
-5.875
-5.875
-5.88
-5.875
-5.875
-5.875
-5.87
-5.87
-5.865
-5.86
-5.86
-5.855
-5.86
-5.855
-5.84
-5.825
-5.81
-5.8
-5.785
-5.78
-5.78
-5.78
-5.77
-5.75
-5.73
-5.715
-5.715
-5.715
-5.72
-5.715
-5.72
-5.74
-5.755
-5.78
-5.8
-5.815
-5.825
-5.845
-5.865
-5.88
-5.88
-5.875
-5.875
-5.875
-5.88
-5.88
-5.88
-5.88
-5.875
-5.875
-5.87
-5.88
-5.885
-5.91
-5.895
-5.805
-5.67
-5.52
-5.28
-4.915
-4.52
-4.21
-4.07
-4.05
-4.17
-4.42
-4.775
-5.22
-5.665
-6.04
-6.26
-6.3
-6.28
-6.28
-6.265
-6.24
-6.18
-6.12
-6.08
-6.065
-6.06
-6.055
-6.055
-6.045
-6.035
-6.035
-6.025
-6.025
-6.025
-6.03
-6.02
-6.02
-6.01
-5.995
-5.97
-5.955
-5.935
-5.92
-5.905
-5.885
-5.86
-5.825
-5.795
-5.765
-5.73
-5.695
-5.66
-5.635
-5.605
-5.58
-5.565
-5.55
-5.545
-5.53
-5.52
-5.51
-5.5
-5.51
-5.515
-5.53
-5.56
-5.585
-5.59
-5.6
-5.61
-5.635
-5.66
-5.68
-5.695
-5.715
-5.73
-5.75
-5.765
-5.78
-5.79
-5.81
-5.82
-5.84
-5.86
-5.865
-5.86
-5.86
-5.855
-5.86
-5.865
-5.875
-5.87
-5.86
-5.865
-5.865
-5.865
-5.855
-5.85
-5.85
-5.855
-5.845
-5.84
-5.84
-5.845
-5.835
-5.84
-5.84
-5.84
-5.825
-5.83
-5.82
-5.81
-5.795
-5.79
-5.785
-5.78
-5.78
-5.775
-5.765
-5.74
-5.71
-5.71
-5.72
-5.735
-5.73
-5.72
-5.72
-5.73
-5.74
-5.76
-5.795
-5.815
-5.83
-5.835
-5.865
-5.885
-5.89
-5.885
-5.885
-5.885
-5.88
-5.875
-5.87
-5.865
-5.865
-5.86
-5.845
-5.87
-5.88
-5.905
-5.9
-5.82
-5.68
-5.525
-5.29
-4.94
-4.54
-4.22
-4.06
-4.015
-4.085
-4.305
-4.645
-5.11
-5.58
-5.975
-6.23
-6.27
-6.255
-6.245
-6.255
-6.23
-6.175
-6.115
-6.07
-6.07
-6.06
-6.065
-6.055
-6.05
-6.045
-6.04
-6.035
-6.035
-6.035
-6.04
-6.035
-6.03
-6.0
-6.0
-5.99
-5.965
-5.945
-5.935
-5.92
-5.9
-5.87
-5.84
-5.81
-5.78
-5.745
-5.7
-5.68
-5.645
-5.615
-5.58
-5.565
-5.54
-5.53
-5.535
-5.53
-5.54
-5.53
-5.53
-5.535
-5.55
-5.565
-5.59
-5.62
-5.645
-5.67
-5.685
-5.71
-5.71
-5.735
-5.75
-5.765
-5.775
-5.785
-5.8
-5.82
-5.835
-5.85
-5.855
-5.86
-5.865
-5.87
-5.87
-5.86
-5.87
-5.875
-5.88
-5.885
-5.875
-5.865
-5.86
-5.86
-5.85
-5.85
-5.86
-5.845
-5.835
-5.84
-5.84
-5.825
-5.82
-5.815
-5.8
-5.79
-5.76
-5.745
-5.74
-5.75
-5.745
-5.74
-5.735
-5.705
-5.68
-5.67
-5.68
-5.69
-5.68
-5.675
-5.68
-5.7
-5.72
-5.735
-5.745
-5.745
-5.76
-5.78
-5.815
-5.835
-5.845
-5.85
-5.855
-5.855
-5.85
-5.85
-5.85
-5.85
-5.84
-5.845
-5.86
-5.855
-5.845
-5.85
-5.85
-5.805
-5.685
-5.54
-5.35
-5.04
-4.655
-4.285
-4.07
-3.975
-3.995
-4.165
-4.435
-4.825
-5.27
-5.72
-6.05
-6.205
-6.2
-6.185
-6.195
-6.185
-6.16
-6.115
-6.07
-6.04
-6.025
-6.02
-6.025
-6.02
-6.015
-6.01
-6.005
-6.005
-6.0
-6.0
-5.995
-5.995
-5.98
-5.98
-5.97
-5.96
-5.945
-5.93
-5.895
-5.88
-5.87
-5.845
-5.825
-5.795
-5.76
-5.72
-5.69
-5.665
-5.64
-5.61
-5.58
-5.56
-5.54
-5.525
-5.53
-5.51
-5.515
-5.505
-5.495
-5.5
-5.515
-5.53
-5.56
-5.565
-5.575
-5.6
-5.62
-5.64
-5.655
-5.675
-5.69
-5.705
-5.715
-5.73
-5.745
-5.765
-5.765
-5.78
-5.785
-5.785
-5.79
-5.8
-5.805
-5.805
-5.81
-5.81
-5.81
-5.81
-5.815
-5.82
-5.81
-5.82
-5.83
-5.835
-5.825
-5.805
-5.795
-5.785
-5.78
-5.78
-5.78
-5.765
-5.76
-5.745
-5.73
-5.72
-5.715
-5.71
-5.7
-5.695
-5.68
-5.655
-5.64
-5.64
-5.64
-5.645
-5.655
-5.655
-5.66
-5.67
-5.685
-5.7
-5.705
-5.715
-5.735
-5.755
-5.785
-5.81
-5.82
-5.825
-5.82
-5.815
-5.825
-5.825
-5.83
-5.835
-5.84
-5.83
-5.82
-5.82
-5.83
-5.86
-5.855
-5.805
-5.665
-5.53
-5.325
-5.005
-4.63
-4.255
-4.045
-3.97
-4.0
-4.185
-4.485
-4.9
-5.375
-5.8
-6.08
-6.155
-6.14
-6.135
-6.13
-6.1
-6.06
-6.015
-5.99
-5.99
-5.99
-5.99
-5.98
-5.97
-5.97
-5.97
-5.97
-5.97
-5.97
-5.965
-5.965
-5.965
-5.955
-5.945
-5.935
-5.93
-5.915
-5.905
-5.895
-5.875
-5.845
-5.815
-5.785
-5.76
-5.735
-5.695
-5.66
-5.625
-5.585
-5.555
-5.535
-5.52
-5.5
-5.48
-5.47
-5.46
-5.455
-5.45
-5.45
-5.455
-5.465
-5.48
-5.49
-5.505
-5.53
-5.545
-5.565
-5.595
-5.61
-5.63
-5.65
-5.675
-5.695
-5.71
-5.72
-5.735
-5.74
-5.75
-5.755
-5.76
-5.765
-5.765
-5.765
-5.77
-5.78
-5.775
-5.775
-5.78
-5.785
-5.78
-5.78
-5.78
-5.785
-5.785
-5.78
-5.78
-5.78
-5.775
-5.765
-5.76
-5.75
-5.74
-5.72
-5.705
-5.695
-5.69
-5.69
-5.69
-5.685
-5.68
-5.665
-5.64
-5.62
-5.62
-5.625
-5.63
-5.63
-5.64
-5.655
-5.67
-5.685
-5.705
-5.72
-5.74
-5.765
-5.79
-5.81
-5.82
-5.82
-5.83
-5.835
-5.835
-5.84
-5.835
-5.835
-5.84
-5.84
-5.84
-5.845
-5.855
-5.87
-5.875
-5.83
-5.71
-5.575
-5.395
-5.095
-4.695
-4.31
-4.085
-4.01
-4.05
-4.24
-4.555
-4.965
-5.43
-5.85
-6.12
-6.215
-6.205
-6.2
-6.2
-6.165
-6.11
-6.055
-6.02
-6.015
-6.01
-6.01
-6.0
-5.995
-6.0
-6.0
-5.99
-5.985
-5.98
-5.98
-5.98
-5.975
-5.965
-5.965
-5.955
-5.94
-5.93
-5.92
-5.895
-5.875
-5.84
-5.82
-5.79
-5.76
-5.73
-5.7
-5.67
-5.64
-5.61
-5.58
-5.555
-5.52
-5.505
-5.49
-5.475
-5.46
-5.46
-5.46
-5.46
-5.475
-5.48
-5.495
-5.52
-5.54
-5.56
-5.575
-5.59
-5.615
-5.64
-5.66
-5.69
-5.715
-5.735
-5.75
-5.765
-5.785
-5.8
-5.8
-5.815
-5.82
-5.825
-5.83
-5.83
-5.84
-5.835
-5.84
-5.845
-5.845
-5.855
-5.84
-5.845
-5.85
-5.855
-5.85
-5.85
-5.845
-5.84
-5.85
-5.84
-5.83
-5.83
-5.81
-5.8
-5.775
-5.765
-5.755
-5.755
-5.76
-5.765
-5.77
-5.745
-5.715
-5.69
-5.68
-5.685
-5.69
-5.705
-5.705
-5.71
-5.725
-5.75
-5.755
-5.77
-5.795
-5.815
-5.84
-5.88
-5.875
-5.875
-5.87
-5.885
-5.91
-5.9
-5.9
-5.91
-5.9
-5.905
-5.905
-5.91
-5.915
-5.925
-5.925
-5.86
-5.74
-5.6
-5.425
-5.12
-4.69
-4.32
-4.105
-4.03
-4.045
-4.22
-4.51
-4.915
-5.37
-5.815
-6.14
-6.28
-6.28
-6.275
-6.27
-6.27
-6.23
-6.18
-6.14
-6.105
-6.08
-6.06
-6.06
-6.045
-6.04
-6.05
-6.055
-6.065
-6.055
-6.04
-6.045
-6.04
-6.03
-6.025
-6.0
-5.99
-5.98
-5.98
-5.975
-5.955
-5.93
-5.885
-5.85
-5.84
-5.815
-5.78
-5.745
-5.715
-5.685
-5.66
-5.63
-5.605
-5.59
-5.58
-5.59
-5.575
-5.565
-5.555
-5.54
-5.55
-5.57
-5.58
-5.6
-5.625
-5.66
-5.67
-5.695
-5.715
-5.75
-5.76
-5.765
-5.77
-5.78
-5.805
-5.82
-5.825
-5.83
-5.84
-5.84
-5.87
-5.875
-5.87
-5.885
-5.885
-5.88
-5.88
-5.885
-5.88
-5.88
-5.89
-5.885
-5.905
-5.905
-5.89
-5.875
-5.855
-5.86
-5.85
-5.84
-5.815
-5.79
-5.785
-5.785
-5.785
-5.795
-5.79
-5.775
-5.755
-5.72
-5.705
-5.71
-5.72
-5.72
-5.71
-5.705
-5.71
-5.72
-5.76
-5.77
-5.79
-5.82
-5.84
-5.865
-5.865
-5.88
-5.88
-5.865
-5.88
-5.91
-5.91
-5.905
-5.915
-5.92
-5.93
-5.92
-5.935
-5.935
-5.93
-5.94
-5.895
-5.775
-5.64
-5.49
-5.25
-4.895
-4.525
-4.245
-4.105
-4.07
-4.2
-4.425
-4.79
-5.265
-5.7
-6.05
-6.26
-6.295
-6.29
-6.275
-6.25
-6.255
-6.215
-6.16
-6.095
-6.06
-6.065
-6.05
-6.05
-6.04
-6.03
-6.025
-6.02
-6.025
-6.035
-6.04
-6.06
-6.055
-6.03
-6.0
-5.96
-5.95
-5.94
-5.955
-5.92
-5.91
-5.91
-5.885
-5.865
-5.84
-5.8
-5.755
-5.74
-5.7
-5.665
-5.67
-5.625
-5.6
-5.59
-5.59
-5.615
-5.62
-5.615
-5.63
-5.62
-5.62
-5.615
-5.625
-5.64
-5.68
-5.71
-5.73
-5.7
-5.705
-5.745
-5.775
-5.79
-5.79
-5.8
-5.8
-5.83
-5.84
-5.855
-5.865
-5.86
-5.88
-5.885
-5.885
-5.88
-5.895
-5.885
-5.89
-5.87
-5.87
-5.875
-5.88
-5.865
-5.9
-5.905
-5.895
-5.895
-5.865
-5.855
-5.835
-5.825
-5.84
-5.84
-5.82
-5.815
-5.8
-5.78
-5.75
-5.73
-5.72
-5.735
-5.72
-5.71
-5.72
-5.74
-5.76
-5.765
-5.74
-5.73
-5.77
-5.815
-5.825
-5.85
-5.865
-5.895
-5.895
-5.885
-5.885
-5.875
-5.88
-5.86
-5.84
-5.885
-5.84
-5.865
-5.905
-5.91
-5.915
-5.88
-5.84
-5.75
-5.57
-5.32
-5.04
-4.65
-4.295
-4.125
-4.055
-4.155
-4.39
-4.705
-5.155
-5.6
-5.995
-6.23
-6.235
-6.215
-6.215
-6.22
-6.2
-6.125
-6.08
-6.08
-6.04
-6.04
-6.05
-6.06
-6.035
-6.01
-6.02
-6.045
-6.025
-5.975
-5.965
-5.96
-5.975
-5.965
-5.945
-5.93
-5.975
-5.95
-5.905
-5.87
-5.88
-5.84
-5.82
-5.785
-5.78
-5.75
-5.69
-5.66
-5.59
-5.605
-5.645
-5.61
-5.565
-5.56
-5.575
-5.59
-5.56
-5.58
-5.57
-5.59
-5.575
-5.59
-5.635
-5.69
-5.68
-5.655
-5.66
-5.685
-5.77
-5.805
-5.835
-5.8
-5.795
-5.815
-5.845
-5.835
-5.815
-5.84
-5.82
-5.835
-5.86
-5.835
-5.805
-5.82
-5.87
-5.84
-5.835
-5.84
-5.82
-5.885
-5.83
-5.8
-5.815
-5.84
-5.81
-5.81
-5.8
-5.76
-5.77
-5.775
-5.82
-5.815
-5.73
-5.74
-5.725
-5.69
-5.68
-5.695
-5.7
-5.685
-5.71
-5.74
-5.735
-5.735
-5.68
-5.68
-5.735
-5.735
-5.76
-5.855
-5.88
-5.87
-5.865
-5.825
-5.87
-5.87
-5.875
-5.86
-5.9
-5.86
-5.86
-5.845
-5.86
-5.89
-5.87
-5.86
-5.8
-5.69
-5.535
-5.31
-4.995
-4.575
-4.25
-4.09
-4.06
-4.19
-4.42
-4.8
-5.28
-5.755
-6.095
-6.255
-6.215
-6.22
-6.215
-6.19
-6.175
-6.14
-6.07
-6.08
-6.06
-6.05
-6.07
-6.065
-6.06
-6.03
-6.035
-6.05
-6.05
-6.055
-6.04
-6.045
-6.05
-6.015
-6.015
-6.02
-6.01
-5.995
-5.985
-5.945
-5.92
-5.895
-5.875
-5.84
-5.81
-5.79
-5.76
-5.73
-5.695
-5.68
-5.655
-5.645
-5.64
-5.615
-5.6
-5.61
-5.61
-5.615
-5.645
-5.66
-5.67
-5.69
-5.715
-5.745
-5.765
-5.775
-5.77
-5.785
-5.815
-5.84
-5.84
-5.845
-5.865
-5.88
-5.875
-5.88
-5.885
-5.885
-5.89
-5.9
-5.89
-5.91
-5.915
-5.92
-5.92
-5.92
-5.92
-5.9
-5.9
-5.89
-5.88
-5.875
-5.865
-5.865
-5.865
-5.86
-5.86
-5.85
-5.84
-5.835
-5.84
-5.84
-5.835
-5.825
-5.815
-5.79
-5.78
-5.775
-5.77
-5.765
-5.76
-5.76
-5.74
-5.72
-5.7
-5.695
-5.705
-5.705
-5.705
-5.71
-5.715
-5.72
-5.74
-5.75
-5.76
-5.77
-5.8
-5.82
-5.835
-5.845
-5.845
-5.84
-5.85
-5.865
-5.865
-5.87
-5.865
-5.86
-5.86
-5.855
-5.84
-5.835
-5.84
-5.84
-5.805
-5.7
-5.575
-5.405
-5.12
-4.74
-4.375
-4.15
-4.045
-4.07
-4.265
-4.555
-4.95
-5.39
-5.81
-6.11
-6.185
-6.165
-6.15
-6.14
-6.125
-6.09
-6.045
-6.0
-5.99
-5.995
-5.98
-5.975
-5.97
-5.975
-5.965
-5.965
-5.975
-5.97
-5.945
-5.945
-5.965
-5.97
-5.96
-5.935
-5.915
-5.92
-5.915
-5.895
-5.875
-5.85
-5.83
-5.82
-5.78
-5.72
-5.67
-5.65
-5.625
-5.6
-5.565
-5.54
-5.53
-5.525
-5.51
-5.49
-5.49
-5.48
-5.465
-5.475
-5.48
-5.485
-5.505
-5.51
-5.525
-5.54
-5.56
-5.585
-5.595
-5.61
-5.64
-5.66
-5.68
-5.7
-5.705
-5.72
-5.745
-5.76
-5.77
-5.75
-5.755
-5.76
-5.765
-5.775
-5.785
-5.78
-5.78
-5.78
-5.785
-5.78
-5.795
-5.79
-5.79
-5.765
-5.775
-5.785
-5.775
-5.77
-5.775
-5.775
-5.775
-5.78
-5.775
-5.765
-5.775
-5.77
-5.76
-5.76
-5.755
-5.76
-5.775
-5.77
-5.775
-5.775
-5.785
-5.8
-5.8
-5.815
-5.83
-5.805
-5.795
-5.82
-5.825
-5.8
-5.8
-5.815
-5.825
-5.84
-5.83
-5.825
-5.84
-5.84
-5.83
-5.815
-5.82
-5.82
-5.8
-5.81
-5.81
-5.805
-5.805
-5.81
-5.8
-5.8
-5.79
-5.78
-5.785
-5.785
-5.795
-5.79
-5.775
-5.77
-5.775
-5.77
-5.765
-5.765
-5.765
-5.77
-5.775
-5.78
-5.77
-5.775
-5.77
-5.77
-5.77
-5.775
-5.78
-5.785
-5.785
-5.78
-5.78
-5.785
-5.78
-5.77
-5.77
-5.765
-5.765
-5.75
-5.745
-5.735
-5.73
-5.725
-5.715
-5.715
-5.705
-5.69
-5.68
-5.68
-5.69
-5.7
-5.7
-5.705
-5.705
-5.715
-5.715
-5.715
-5.72
-5.725
-5.74
-5.74
-5.74
-5.75
-5.755
-5.755
-5.755
-5.75
-5.75
-5.745
-5.74
-5.74
-5.75
-5.76
-5.75
-5.675
-5.55
-5.4
-5.2
-4.89
-4.505
-4.16
-3.965
-3.895
-3.92
-4.09
-4.375
-4.77
-5.225
-5.68
-5.985
-6.11
-6.12
-6.12
-6.135
-6.115
-6.06
-6.005
-5.96
-5.95
-5.955
-5.945
-5.94
-5.935
-5.93
-5.93
-5.93
-5.93
-5.925
-5.92
-5.92
-5.905
-5.895
-5.88
-5.88
-5.87
-5.86
-5.845
-5.835
-5.82
-5.8
-5.785
-5.765
-5.74
-5.715
-5.68
-5.655
-5.62
-5.6
-5.585
-5.56
-5.54
-5.525
-5.5
-5.48
-5.475
-5.47
-5.45
-5.445
-5.44
-5.435
-5.435
-5.435
-5.44
-5.445
-5.46
-5.47
-5.485
-5.505
-5.52
-5.55
-5.565
-5.59
-5.62
-5.635
-5.655
-5.67
-5.68
-5.7
-5.71
-5.725
-5.73
-5.73
-5.725
-5.725
-5.735
-5.74
-5.74
-5.74
-5.74
-5.74
-5.735
-5.74
-5.735
-5.74
-5.745
-5.74
-5.735
-5.73
-5.73
-5.725
-5.735
-5.74
-5.74
-5.74
-5.735
-5.74
-5.745
-5.74
-5.74
-5.735
-5.745
-5.74
-5.735
-5.725
-5.69
-5.625
-5.525
-5.435
-5.34
-5.245
-5.17
-5.195
-5.375
-5.655
-6.0
-6.28
-6.54
-6.71
-6.745
-6.78
-6.84
-6.88
-6.83
-6.72
-6.64
-6.58
-6.56
-6.56
-6.53
-6.49
-6.455
-6.4
-6.335
-6.265
-6.185
-6.12
-6.045
-5.97
-5.865
-5.78
-5.69
-5.6
-5.525
-5.475
-5.42
-5.38
-5.325
-5.27
-5.215
-5.16
-5.095
-5.04
-4.97
-4.905
-4.84
-4.775
-4.7
-4.64
-4.575
-4.525
-4.485
-4.45
-4.415
-4.395
-4.38
-4.37
-4.375
-4.405
-4.43
-4.46
-4.505
-4.56
-4.62
-4.685
-4.765
-4.845
-4.915
-4.98
-5.065
-5.135
-5.215
-5.28
-5.34
-5.4
-5.45
-5.5
-5.545
-5.575
-5.605
-5.635
-5.67
-5.695
-5.715
-5.73
-5.75
-5.76
-5.775
-5.785
-5.8
-5.805
-5.795
-5.795
-5.795
-5.8
-5.805
-5.81
-5.815
-5.825
-5.835
-5.84
-5.85
-5.855
-5.855
-5.875
-5.875
-5.88
-5.88
-5.88
-5.88
-5.885
-5.895
-5.905
-5.91
-5.92
-5.91
-5.92
-5.92
-5.92
-5.92
-5.92
-5.925
-5.93
-5.935
-5.945
-5.935
-5.94
-5.935
-5.93
-5.92
-5.925
-5.92
-5.92
-5.93
-5.93
-5.925
-5.93
-5.93
-5.945
-5.95
-5.945
-5.94
-5.92
-5.92
-5.915
-5.92
-5.925
-5.925
-5.94
-5.945
-5.94
-5.93
-5.92
-5.92
-5.915
-5.91
-5.91
-5.91
-5.91
-5.91
-5.91
-5.91
-5.91
-5.91
-5.905
-5.89
-5.895
-5.885
-5.875
-5.88
-5.885
-5.88
-5.875
-5.88
-5.855
-5.845
-5.835
-5.835
-5.84
-5.835
-5.825
-5.8
-5.77
-5.76
-5.77
-5.8
-5.825
-5.83
-5.84
-5.855
-5.855
-5.865
-5.86
-5.855
-5.87
-5.87
-5.87
-5.865
-5.865
-5.865
-5.86
-5.86
-5.875
-5.88
-5.885
-5.88
-5.895
-5.91
-5.92
-5.865
-5.74
-5.59
-5.375
-5.05
-4.66
-4.32
-4.115
-4.04
-4.05
-4.205
-4.49
-4.925
-5.385
-5.8
-6.105
-6.205
-6.21
-6.2
-6.2
-6.2
-6.175
-6.13
-6.085
-6.04
-6.035
-6.02
-6.03
-6.025
-6.015
-6.005
-6.005
-6.0
-5.98
-5.975
-5.975
-5.97
-5.96
-5.945
-5.94
-5.935
-5.925
-5.92
-5.905
-5.885
-5.865
-5.85
-5.84
-5.835
-5.8
-5.775
-5.74
-5.705
-5.69
-5.655
-5.625
-5.585
-5.555
-5.55
-5.555
-5.55
-5.53
-5.525
-5.52
-5.51
-5.5
-5.51
-5.525
-5.53
-5.53
-5.545
-5.555
-5.57
-5.595
-5.605
-5.625
-5.65
-5.67
-5.675
-5.7
-5.72
-5.74
-5.75
-5.76
-5.76
-5.77
-5.79
-5.8
-5.8
-5.795
-5.79
-5.785
-5.8
-5.815
-5.81
-5.81
-5.8
-5.82
-5.82
-5.81
-5.82
-5.81
-5.8
-5.785
-5.785
-5.77
-5.745
-5.67
-5.555
-5.43
-5.29
-5.155
-5.065
-5.1
-5.29
-5.625
-5.995
-6.29
-6.525
-6.61
-6.625
-6.69
-6.76
-6.805
-6.765
-6.665
-6.57
-6.485
-6.48
-6.49
-6.475
-6.455
-6.42
-6.38
-6.33
-6.27
-6.205
-6.14
-6.075
-6.0
-5.91
-5.815
-5.72
-5.64
-5.57
-5.51
-5.46
-5.4
-5.34
-5.285
-5.23
-5.16
-5.115
-5.05
-4.975
-4.91
-4.835
-4.775
-4.72
-4.655
-4.61
-4.56
-4.525
-4.49
-4.48
-4.48
-4.48
-4.48
-4.495
-4.525
-4.565
-4.61
-4.67
-4.74
-4.8
-4.88
-4.96
-5.04
-5.115
-5.195
-5.265
-5.34
-5.4
-5.465
-5.52
-5.57
-5.62
-5.655
-5.685
-5.705
-5.735
-5.755
-5.77
-5.79
-5.8
-5.81
-5.82
-5.825
-5.83
-5.84
-5.84
-5.85
-5.855
-5.85
-5.845
-5.84
-5.835
-5.835
-5.835
-5.835
-5.825
-5.825
-5.83
-5.835
-5.825
-5.835
-5.84
-5.845
-5.86
-5.865
-5.87
-5.875
-5.88
-5.89
-5.9
-5.905
-5.905
-5.91
-5.925
-5.935
-5.935
-5.935
-5.94
-5.94
-5.95
-5.955
-5.955
-5.955
-5.955
-5.955
-5.955
-5.96
-5.96
-5.965
-5.97
-5.965
-5.96
-5.955
-5.96
-5.955
-5.95
-5.96
-5.96
-5.96
-5.955
-5.96
-5.96
-5.955
-5.955
-5.94
-5.915
-5.89
-5.89
-5.885
-5.88
-5.875
-5.87
-5.845
-5.825
-5.8
-5.8
-5.805
-5.81
-5.81
-5.8
-5.81
-5.82
-5.84
-5.845
-5.86
-5.875
-5.885
-5.905
-5.935
-5.945
-5.955
-5.965
-5.97
-5.97
-5.97
-5.97
-5.965
-5.96
-5.96
-5.96
-5.955
-5.96
-5.965
-5.945
-5.855
-5.73
-5.59
-5.36
-5.02
-4.625
-4.305
-4.14
-4.09
-4.135
-4.315
-4.64
-5.08
-5.56
-5.975
-6.225
-6.28
-6.265
-6.275
-6.28
-6.25
-6.2
-6.145
-6.1
-6.095
-6.09
-6.085
-6.08
-6.075
-6.075
-6.075
-6.07
-6.055
-6.05
-6.05
-6.05
-6.045
-6.045
-6.045
-6.035
-6.025
-6.015
-6.0
-5.99
-5.965
-5.94
-5.92
-5.895
-5.865
-5.84
-5.82
-5.785
-5.76
-5.74
-5.715
-5.7
-5.68
-5.655
-5.635
-5.625
-5.61
-5.595
-5.585
-5.575
-5.57
-5.56
-5.55
-5.555
-5.565
-5.58
-5.585
-5.6
-5.615
-5.63
-5.65
-5.675
-5.685
-5.705
-5.725
-5.75
-5.76
-5.77
-5.785
-5.79
-5.805
-5.815
-5.815
-5.825
-5.84
-5.845
-5.85
-5.845
-5.845
-5.845
-5.845
-5.845
-5.84
-5.84
-5.845
-5.84
-5.83
-5.815
-5.8
-5.79
-5.785
-5.785
-5.79
-5.79
-5.78
-5.755
-5.73
-5.72
-5.72
-5.73
-5.725
-5.72
-5.715
-5.725
-5.73
-5.745
-5.755
-5.77
-5.795
-5.815
-5.84
-5.87
-5.88
-5.885
-5.895
-5.9
-5.905
-5.91
-5.91
-5.91
-5.91
-5.915
-5.915
-5.92
-5.93
-5.945
-5.96
-5.905
-5.78
-5.645
-5.465
-5.18
-4.79
-4.435
-4.22
-4.15
-4.17
-4.36
-4.655
-5.075
-5.525
-5.945
-6.225
-6.325
-6.32
-6.32
-6.32
-6.295
-6.24
-6.175
-6.12
-6.1
-6.09
-6.08
-6.08
-6.065
-6.055
-6.055
-6.05
-6.045
-6.04
-6.025
-6.025
-6.02
-6.015
-6.01
-6.0
-5.995
-5.98
-5.965
-5.95
-5.925
-5.9
-5.875
-5.85
-5.82
-5.79
-5.765
-5.74
-5.72
-5.7
-5.68
-5.665
-5.64
-5.625
-5.62
-5.6
-5.605
-5.6
-5.605
-5.615
-5.62
-5.64
-5.655
-5.675
-5.69
-5.705
-5.73
-5.75
-5.765
-5.785
-5.805
-5.82
-5.835
-5.85
-5.865
-5.86
-5.86
-5.86
-5.865
-5.875
-5.875
-5.88
-5.89
-5.885
-5.885
-5.89
-5.89
-5.885
-5.895
-5.89
-5.89
-5.895
-5.895
-5.895
-5.895
-5.89
-5.895
-5.9
-5.89
-5.875
-5.86
-5.855
-5.845
-5.84
-5.835
-5.835
-5.815
-5.8
-5.78
-5.76
-5.745
-5.755
-5.76
-5.76
-5.76
-5.77
-5.775
-5.785
-5.805
-5.82
-5.835
-5.85
-5.875
-5.895
-5.915
-5.92
-5.91
-5.91
-5.91
-5.91
-5.915
-5.91
-5.905
-5.91
-5.91
-5.91
-5.91
-5.92
-5.94
-5.915
-5.82
-5.695
-5.565
-5.34
-5.0
-4.605
-4.29
-4.13
-4.095
-4.185
-4.42
-4.76
-5.2
-5.66
-6.035
-6.27
-6.31
-6.3
-6.3
-6.29
-6.25
-6.19
-6.125
-6.09
-6.08
-6.07
-6.065
-6.06
-6.05
-6.045
-6.04
-6.035
-6.035
-6.025
-6.02
-6.02
-6.015
-6.01
-5.99
-5.975
-5.96
-5.945
-5.925
-5.915
-5.89
-5.86
-5.835
-5.805
-5.775
-5.74
-5.7
-5.675
-5.65
-5.625
-5.6
-5.58
-5.56
-5.545
-5.54
-5.52
-5.52
-5.515
-5.51
-5.52
-5.53
-5.535
-5.545
-5.565
-5.585
-5.6
-5.625
-5.64
-5.665
-5.69
-5.71
-5.73
-5.75
-5.775
-5.795
-5.805
-5.82
-5.825
-5.83
-5.835
-5.845
-5.84
-5.85
-5.855
-5.855
-5.845
-5.835
-5.835
-5.83
-5.83
-5.825
-5.825
-5.83
-5.83
-5.83
-5.83
-5.83
-5.825
-5.82
-5.82
-5.8
-5.785
-5.775
-5.765
-5.765
-5.765
-5.765
-5.76
-5.75
-5.725
-5.7
-5.7
-5.7
-5.705
-5.7
-5.7
-5.715
-5.73
-5.74
-5.76
-5.77
-5.79
-5.81
-5.83
-5.865
-5.88
-5.88
-5.88
-5.885
-5.885
-5.895
-5.895
-5.905
-5.91
-5.905
-5.895
-5.88
-5.88
-5.9
-5.91
-5.855
-5.735
-5.6
-5.41
-5.115
-4.73
-4.37
-4.15
-4.06
-4.07
-4.245
-4.53
-4.925
-5.395
-5.84
-6.15
-6.28
-6.275
-6.265
-6.27
-6.26
-6.215
-6.16
-6.105
-6.07
-6.055
-6.045
-6.04
-6.035
-6.035
-6.025
-6.02
-6.015
-6.01
-6.01
-6.0
-6.0
-6.0
-6.0
-5.985
-5.965
-5.955
-5.94
-5.925
-5.9
-5.88
-5.855
-5.82
-5.785
-5.745
-5.71
-5.68
-5.645
-5.62
-5.6
-5.58
-5.565
-5.55
-5.535
-5.53
-5.52
-5.52
-5.52
-5.525
-5.535
-5.545
-5.555
-5.57
-5.595
-5.62
-5.65
-5.66
-5.675
-5.7
-5.71
-5.72
-5.735
-5.76
-5.78
-5.79
-5.8
-5.81
-5.825
-5.835
-5.84
-5.85
-5.845
-5.84
-5.84
-5.85
-5.855
-5.86
-5.87
-5.87
-5.87
-5.865
-5.85
-5.86
-5.87
-5.86
-5.86
-5.84
-5.835
-5.815
-5.81
-5.815
-5.8
-5.79
-5.78
-5.77
-5.765
-5.76
-5.765
-5.765
-5.755
-5.735
-5.715
-5.7
-5.685
-5.69
-5.69
-5.69
-5.7
-5.715
-5.73
-5.75
-5.75
-5.765
-5.78
-5.8
-5.83
-5.855
-5.87
-5.875
-5.875
-5.875
-5.88
-5.885
-5.88
-5.88
-5.875
-5.875
-5.87
-5.865
-5.87
-5.895
-5.91
-5.885
-5.805
-5.67
-5.51
-5.26
-4.91
-4.52
-4.22
-4.07
-4.02
-4.085
-4.29
-4.62
-5.08
-5.535
-5.935
-6.2
-6.255
-6.24
-6.235
-6.24
-6.22
-6.17
-6.11
-6.06
-6.035
-6.035
-6.04
-6.035
-6.025
-6.015
-6.01
-6.005
-5.99
-5.99
-5.985
-5.98
-5.99
-5.98
-5.965
-5.96
-5.95
-5.94
-5.93
-5.905
-5.88
-5.86
-5.835
-5.81
-5.785
-5.76
-5.725
-5.685
-5.665
-5.635
-5.6
-5.575
-5.55
-5.53
-5.52
-5.5
-5.495
-5.5
-5.5
-5.5
-5.505
-5.515
-5.54
-5.565
-5.575
-5.6
-5.62
-5.64
-5.66
-5.69
-5.705
-5.735
-5.745
-5.75
-5.765
-5.775
-5.785
-5.805
-5.815
-5.82
-5.82
-5.825
-5.835
-5.84
-5.84
-5.845
-5.85
-5.845
-5.845
-5.85
-5.845
-5.84
-5.85
-5.86
-5.86
-5.845
-5.84
-5.84
-5.845
-5.825
-5.815
-5.8
-5.785
-5.775
-5.775
-5.77
-5.75
-5.76
-5.755
-5.74
-5.735
-5.735
-5.735
-5.72
-5.69
-5.68
-5.68
-5.69
-5.685
-5.685
-5.69
-5.7
-5.715
-5.73
-5.745
-5.765
-5.775
-5.8
-5.82
-5.84
-5.855
-5.86
-5.87
-5.885
-5.88
-5.875
-5.875
-5.865
-5.865
-5.86
-5.86
-5.86
-5.88
-5.9
-5.885
-5.805
-5.67
-5.525
-5.285
-4.91
-4.505
-4.195
-4.035
-3.995
-4.08
-4.305
-4.655
-5.09
-5.54
-5.935
-6.175
-6.215
-6.21
-6.21
-6.21
-6.2
-6.15
-6.09
-6.04
-6.025
-6.02
-6.015
-6.015
-6.01
-6.005
-6.02
-6.02
-6.005
-5.995
-5.985
-5.98
-5.97
-5.96
-5.95
-5.94
-5.935
-5.92
-5.9
-5.885
-5.865
-5.845
-5.82
-5.79
-5.76
-5.73
-5.705
-5.685
-5.66
-5.635
-5.61
-5.595
-5.56
-5.54
-5.525
-5.52
-5.52
-5.515
-5.52
-5.52
-5.53
-5.55
-5.56
-5.575
-5.585
-5.59
-5.61
-5.635
-5.66
-5.68
-5.69
-5.715
-5.725
-5.74
-5.75
-5.775
-5.79
-5.8
-5.8
-5.81
-5.815
-5.81
-5.82
-5.82
-5.825
-5.83
-5.835
-5.835
-5.835
-5.82
-5.825
-5.82
-5.83
-5.83
-5.825
-5.825
-5.825
-5.825
-5.82
-5.82
-5.815
-5.81
-5.805
-5.805
-5.795
-5.785
-5.78
-5.77
-5.76
-5.745
-5.735
-5.73
-5.725
-5.725
-5.72
-5.71
-5.69
-5.665
-5.665
-5.665
-5.675
-5.68
-5.68
-5.69
-5.7
-5.72
-5.74
-5.76
-5.78
-5.8
-5.815
-5.835
-5.855
-5.86
-5.855
-5.845
-5.845
-5.845
-5.85
-5.85
-5.85
-5.85
-5.85
-5.85
-5.855
-5.875
-5.89
-5.87
-5.775
-5.64
-5.485
-5.24
-4.86
-4.47
-4.17
-4.035
-4.005
-4.1
-4.32
-4.68
-5.12
-5.59
-5.97
-6.185
-6.215
-6.205
-6.21
-6.2
-6.16
-6.1
-6.04
-6.015
-6.01
-6.005
-5.995
-5.995
-5.99
-5.985
-5.98
-5.98
-5.98
-5.975
-5.965
-5.96
-5.955
-5.94
-5.935
-5.925
-5.92
-5.905
-5.885
-5.87
-5.85
-5.83
-5.805
-5.78
-5.755
-5.725
-5.695
-5.66
-5.635
-5.605
-5.585
-5.56
-5.535
-5.51
-5.495
-5.48
-5.48
-5.48
-5.48
-5.48
-5.485
-5.5
-5.515
-5.53
-5.545
-5.56
-5.59
-5.61
-5.635
-5.66
-5.68
-5.69
-5.705
-5.72
-5.735
-5.75
-5.76
-5.78
-5.79
-5.795
-5.805
-5.81
-5.805
-5.81
-5.815
-5.81
-5.805
-5.8
-5.8
-5.8
-5.8
-5.8
-5.805
-5.81
-5.805
-5.805
-5.8
-5.8
-5.8
-5.795
-5.795
-5.785
-5.785
-5.78
-5.77
-5.77
-5.77
-5.77
-5.775
-5.77
-5.765
-5.77
-5.765
-5.765
-5.765
-5.755
-5.74
-5.73
-5.735
-5.73
-5.735
-5.735
-5.725
-5.71
-5.685
-5.67
-5.67
-5.69
-5.69
-5.695
-5.69
-5.7
-5.705
-5.725
-5.735
-5.75
-5.765
-5.78
-5.805
-5.82
-5.84
-5.84
-5.84
-5.85
-5.85
-5.85
-5.845
-5.845
-5.84
-5.84
-5.84
-5.845
-5.855
-5.87
-5.855
-5.765
-5.64
-5.51
-5.29
-4.94
-4.55
-4.22
-4.055
-4.015
-4.11
-4.32
-4.64
-5.045
-5.495
-5.9
-6.16
-6.235
-6.225
-6.225
-6.23
-6.19
-6.125
-6.065
-6.03
-6.025
-6.02
-6.015
-6.005
-6.0
-5.99
-5.985
-5.98
-5.97
-5.96
-5.955
-5.955
-5.945
-5.935
-5.93
-5.925
-5.915
-5.9
-5.885
-5.87
-5.845
-5.825
-5.805
-5.775
-5.75
-5.72
-5.685
-5.66
-5.62
-5.585
-5.56
-5.54
-5.52
-5.51
-5.5
-5.485
-5.48
-5.48
-5.48
-5.48
-5.49
-5.505
-5.515
-5.525
-5.54
-5.56
-5.59
-5.615
-5.645
-5.675
-5.695
-5.72
-5.73
-5.745
-5.75
-5.76
-5.765
-5.775
-5.79
-5.79
-5.8
-5.8
-5.805
-5.81
-5.82
-5.82
-5.82
-5.825
-5.825
-5.825
-5.83
-5.83
-5.83
-5.84
-5.835
-5.83
-5.825
-5.825
-5.815
-5.8
-5.795
-5.795
-5.795
-5.79
-5.785
-5.79
-5.79
-5.79
-5.795
-5.795
-5.795
-5.79
-5.79
-5.79
-5.795
-5.79
-5.79
-5.795
-5.785
-5.775
-5.77
-5.77
-5.78
-5.775
-5.78
-5.775
-5.745
-5.725
-5.705
-5.705
-5.715
-5.71
-5.705
-5.705
-5.71
-5.72
-5.74
-5.755
-5.77
-5.795
-5.805
-5.825
-5.845
-5.86
-5.86
-5.86
-5.86
-5.865
-5.87
-5.865
-5.85
-5.845
-5.85
-5.85
-5.855
-5.855
-5.875
-5.89
-5.83
-5.71
-5.57
-5.395
-5.095
-4.715
-4.355
-4.13
-4.045
-4.06
-4.24
-4.505
-4.895
-5.345
-5.79
-6.11
-6.27
-6.26
-6.245
-6.255
-6.24
-6.19
-6.12
-6.06
-6.03
-6.03
-6.015
-6.005
-6.0
-5.995
-5.995
-5.985
-5.985
-5.975
-5.97
-5.97
-5.96
-5.95
-5.945
-5.94
-5.93
-5.92
-5.91
-5.89
-5.86
-5.835
-5.805
-5.78
-5.755
-5.725
-5.695
-5.68
-5.655
-5.62
-5.605
-5.585
-5.565
-5.54
-5.52
-5.52
-5.5
-5.5
-5.49
-5.495
-5.5
-5.5
-5.52
-5.54
-5.555
-5.58
-5.6
-5.62
-5.64
-5.66
-5.69
-5.705
-5.725
-5.75
-5.77
-5.78
-5.79
-5.805
-5.82
-5.825
-5.82
-5.825
-5.835
-5.84
-5.86
-5.87
-5.865
-5.865
-5.865
-5.87
-5.865
-5.86
-5.855
-5.85
-5.84
-5.83
-5.83
-5.83
-5.82
-5.815
-5.82
-5.825
-5.83
-5.82
-5.82
-5.82
-5.815
-5.81
-5.815
-5.815
-5.825
-5.825
-5.82
-5.8
-5.795
-5.795
-5.795
-5.795
-5.795
-5.785
-5.775
-5.755
-5.73
-5.725
-5.73
-5.735
-5.73
-5.74
-5.745
-5.76
-5.775
-5.785
-5.81
-5.83
-5.85
-5.875
-5.895
-5.895
-5.9
-5.9
-5.91
-5.905
-5.905
-5.9
-5.895
-5.89
-5.89
-5.885
-5.89
-5.9
-5.925
-5.94
-5.9
-5.78
-5.64
-5.455
-5.16
-4.765
-4.39
-4.16
-4.07
-4.08
-4.255
-4.545
-4.96
-5.42
-5.875
-6.195
-6.32
-6.3
-6.285
-6.28
-6.275
-6.235
-6.185
-6.12
-6.065
-6.055
-6.045
-6.045
-6.04
-6.04
-6.035
-6.03
-6.025
-6.015
-6.005
-6.0
-6.0
-5.99
-5.985
-5.965
-5.955
-5.93
-5.91
-5.9
-5.895
-5.875
-5.85
-5.835
-5.8
-5.765
-5.72
-5.68
-5.655
-5.635
-5.615
-5.58
-5.57
-5.55
-5.535
-5.525
-5.52
-5.52
-5.53
-5.54
-5.56
-5.575
-5.585
-5.6
-5.615
-5.625
-5.635
-5.645
-5.675
-5.695
-5.715
-5.735
-5.76
-5.775
-5.8
-5.82
-5.825
-5.83
-5.835
-5.84
-5.845
-5.855
-5.86
-5.86
-5.87
-5.88
-5.88
-5.875
-5.865
-5.86
-5.86
-5.86
-5.855
-5.845
-5.845
-5.86
-5.855
-5.86
-5.855
-5.835
-5.825
-5.815
-5.815
-5.82
-5.82
-5.81
-5.8
-5.8
-5.78
-5.78
-5.775
-5.785
-5.79
-5.785
-5.775
-5.75
-5.715
-5.7
-5.715
-5.725
-5.73
-5.72
-5.72
-5.735
-5.75
-5.76
-5.77
-5.79
-5.81
-5.83
-5.86
-5.875
-5.88
-5.885
-5.89
-5.9
-5.9
-5.89
-5.88
-5.875
-5.865
-5.87
-5.875
-5.875
-5.885
-5.895
-5.89
-5.82
-5.68
-5.54
-5.29
-4.935
-4.545
-4.235
-4.08
-4.03
-4.105
-4.32
-4.645
-5.085
-5.535
-5.955
-6.22
-6.27
-6.26
-6.265
-6.265
-6.245
-6.2
-6.135
-6.075
-6.05
-6.04
-6.03
-6.01
-6.0
-6.005
-6.01
-6.01
-6.0
-5.99
-5.98
-5.975
-5.975
-5.965
-5.95
-5.94
-5.93
-5.91
-5.9
-5.88
-5.86
-5.84
-5.82
-5.79
-5.75
-5.72
-5.69
-5.66
-5.635
-5.6
-5.575
-5.56
-5.55
-5.53
-5.515
-5.5
-5.5
-5.51
-5.505
-5.52
-5.54
-5.545
-5.56
-5.58
-5.595
-5.62
-5.64
-5.66
-5.68
-5.685
-5.695
-5.715
-5.735
-5.745
-5.76
-5.785
-5.805
-5.81
-5.815
-5.815
-5.82
-5.82
-5.825
-5.83
-5.835
-5.84
-5.84
-5.825
-5.82
-5.82
-5.82
-5.815
-5.805
-5.805
-5.8
-5.795
-5.8
-5.8
-5.8
-5.79
-5.785
-5.79
-5.785
-5.78
-5.765
-5.755
-5.745
-5.74
-5.73
-5.735
-5.74
-5.735
-5.715
-5.69
-5.675
-5.67
-5.68
-5.68
-5.675
-5.68
-5.69
-5.7
-5.725
-5.745
-5.76
-5.78
-5.795
-5.82
-5.845
-5.855
-5.855
-5.855
-5.85
-5.855
-5.855
-5.855
-5.86
-5.855
-5.845
-5.84
-5.835
-5.835
-5.855
-5.875
-5.85
-5.76
-5.63
-5.475
-5.235
-4.87
-4.49
-4.215
-4.09
-4.06
-4.16
-4.375
-4.725
-5.165
-5.63
-6.0
-6.22
-6.24
-6.22
-6.22
-6.215
-6.185
-6.12
-6.065
-6.025
-6.02
-6.015
-6.01
-6.0
-6.0
-6.0
-5.985
-5.98
-5.975
-5.965
-5.96
-5.96
-5.95
-5.935
-5.92
-5.92
-5.905
-5.895
-5.89
-5.86
-5.835
-5.81
-5.79
-5.765
-5.735
-5.695
-5.67
-5.635
-5.61
-5.58
-5.56
-5.545
-5.525
-5.515
-5.5
-5.485
-5.485
-5.48
-5.48
-5.485
-5.5
-5.51
-5.525
-5.55
-5.565
-5.585
-5.605
-5.62
-5.64
-5.655
-5.675
-5.69
-5.715
-5.73
-5.745
-5.76
-5.77
-5.785
-5.785
-5.8
-5.8
-5.81
-5.815
-5.82
-5.82
-5.82
-5.82
-5.825
-5.82
-5.82
-5.82
-5.815
-5.81
-5.8
-5.8
-5.8
-5.8
-5.795
-5.795
-5.785
-5.78
-5.78
-5.775
-5.77
-5.77
-5.755
-5.745
-5.735
-5.73
-5.725
-5.73
-5.725
-5.72
-5.7
-5.69
-5.68
-5.68
-5.69
-5.69
-5.69
-5.69
-5.7
-5.715
-5.725
-5.74
-5.755
-5.78
-5.8
-5.82
-5.845
-5.855
-5.855
-5.86
-5.87
-5.875
-5.875
-5.875
-5.88
-5.875
-5.875
-5.87
-5.865
-5.86
-5.875
-5.885
-5.845
-5.735
-5.6
-5.465
-5.225
-4.855
-4.47
-4.2
-4.075
-4.055
-4.185
-4.425
-4.795
-5.24
-5.705
-6.055
-6.23
-6.235
-6.225
-6.22
-6.2
-6.15
-6.085
-6.035
-6.02
-6.01
-6.01
-6.005
-6.0
-5.995
-5.99
-5.985
-5.98
-5.975
-5.975
-5.97
-5.965
-5.955
-5.955
-5.94
-5.93
-5.915
-5.905
-5.88
-5.865
-5.84
-5.81
-5.78
-5.755
-5.72
-5.68
-5.655
-5.625
-5.6
-5.575
-5.55
-5.525
-5.505
-5.49
-5.48
-5.47
-5.47
-5.47
-5.475
-5.48
-5.49
-5.51
-5.52
-5.54
-5.565
-5.58
-5.605
-5.625
-5.655
-5.67
-5.69
-5.715
-5.73
-5.75
-5.76
-5.77
-5.78
-5.795
-5.8
-5.81
-5.81
-5.82
-5.82
-5.82
-5.825
-5.83
-5.825
-5.83
-5.82
-5.825
-5.825
-5.82
-5.815
-5.815
-5.81
-5.805
-5.8
-5.785
-5.775
-5.77
-5.765
-5.76
-5.755
-5.745
-5.735
-5.73
-5.72
-5.72
-5.73
-5.725
-5.705
-5.69
-5.675
-5.66
-5.67
-5.67
-5.67
-5.68
-5.69
-5.705
-5.74
-5.755
-5.77
-5.785
-5.8
-5.82
-5.84
-5.85
-5.85
-5.855
-5.855
-5.865
-5.86
-5.865
-5.87
-5.87
-5.87
-5.87
-5.865
-5.865
-5.88
-5.91
-5.9
-5.81
-5.68
-5.55
-5.325
-4.96
-4.56
-4.25
-4.1
-4.07
-4.18
-4.41
-4.765
-5.215
-5.68
-6.045
-6.235
-6.24
-6.235
-6.235
-6.235
-6.19
-6.12
-6.055
-6.02
-6.015
-6.015
-6.015
-6.0
-6.0
-5.985
-5.99
-6.0
-5.995
-5.985
-5.98
-5.975
-5.96
-5.955
-5.94
-5.925
-5.91
-5.9
-5.885
-5.87
-5.84
-5.82
-5.79
-5.76
-5.745
-5.715
-5.69
-5.66
-5.63
-5.6
-5.575
-5.56
-5.555
-5.545
-5.525
-5.52
-5.515
-5.505
-5.51
-5.52
-5.525
-5.535
-5.55
-5.56
-5.57
-5.585
-5.61
-5.63
-5.655
-5.68
-5.705
-5.72
-5.745
-5.76
-5.78
-5.79
-5.805
-5.82
-5.835
-5.845
-5.845
-5.855
-5.85
-5.855
-5.855
-5.845
-5.85
-5.85
-5.85
-5.855
-5.855
-5.855
-5.85
-5.855
-5.845
-5.84
-5.84
-5.845
-5.84
-5.84
-5.81
-5.8
-5.795
-5.78
-5.775
-5.77
-5.765
-5.755
-5.74
-5.715
-5.7
-5.695
-5.7
-5.705
-5.705
-5.71
-5.715
-5.72
-5.75
-5.77
-5.795
-5.815
-5.83
-5.855
-5.88
-5.89
-5.895
-5.895
-5.91
-5.91
-5.915
-5.905
-5.905
-5.905
-5.9
-5.9
-5.9
-5.905
-5.92
-5.93
-5.89
-5.79
-5.655
-5.48
-5.2
-4.8
-4.43
-4.195
-4.085
-4.07
-4.2
-4.455
-4.835
-5.29
-5.74
-6.095
-6.285
-6.3
-6.275
-6.265
-6.25
-6.2
-6.14
-6.08
-6.04
-6.04
-6.035
-6.025
-6.015
-6.005
-6.005
-6.0
-6.0
-6.0
-5.995
-5.99
-5.98
-5.98
-5.965
-5.95
-5.94
-5.93
-5.92
-5.895
-5.875
-5.845
-5.825
-5.8
-5.76
-5.74
-5.715
-5.685
-5.66
-5.64
-5.62
-5.59
-5.57
-5.555
-5.54
-5.525
-5.52
-5.52
-5.535
-5.535
-5.54
-5.55
-5.56
-5.565
-5.58
-5.59
-5.61
-5.625
-5.645
-5.675
-5.69
-5.71
-5.725
-5.75
-5.755
-5.76
-5.775
-5.79
-5.8
-5.805
-5.81
-5.815
-5.82
-5.82
-5.82
-5.83
-5.83
-5.84
-5.84
-5.84
-5.84
-5.83
-5.825
-5.815
-5.815
-5.815
-5.81
-5.81
-5.815
-5.81
-5.785
-5.775
-5.765
-5.755
-5.75
-5.755
-5.75
-5.74
-5.725
-5.7
-5.69
-5.685
-5.69
-5.695
-5.695
-5.69
-5.695
-5.7
-5.72
-5.745
-5.755
-5.775
-5.8
-5.825
-5.84
-5.855
-5.865
-5.87
-5.88
-5.89
-5.88
-5.88
-5.88
-5.875
-5.88
-5.875
-5.89
-5.885
-5.9
-5.92
-5.895
-5.8
-5.67
-5.52
-5.26
-4.9
-4.505
-4.23
-4.11
-4.085
-4.205
-4.455
-4.835
-5.28
-5.74
-6.1
-6.265
-6.265
-6.27
-6.27
-6.255
-6.205
-6.165
-6.1
-6.06
-6.04
-6.025
-6.02
-6.02
-6.0
-6.005
-6.005
-6.0
-5.99
-5.99
-5.975
-5.97
-5.965
-5.965
-5.96
-5.945
-5.93
-5.915
-5.9
-5.88
-5.855
-5.83
-5.815
-5.785
-5.76
-5.73
-5.71
-5.685
-5.665
-5.655
-5.635
-5.62
-5.605
-5.59
-5.57
-5.555
-5.555
-5.55
-5.55
-5.56
-5.565
-5.58
-5.6
-5.605
-5.62
-5.63
-5.65
-5.67
-5.685
-5.705
-5.725
-5.745
-5.76
-5.77
-5.775
-5.775
-5.78
-5.795
-5.805
-5.815
-5.825
-5.835
-5.84
-5.845
-5.855
-5.86
-5.865
-5.86
-5.855
-5.845
-5.845
-5.84
-5.83
-5.82
-5.815
-5.82
-5.82
-5.83
-5.82
-5.815
-5.8
-5.78
-5.77
-5.765
-5.76
-5.75
-5.755
-5.755
-5.73
-5.7
-5.68
-5.68
-5.69
-5.69
-5.695
-5.705
-5.72
-5.73
-5.745
-5.76
-5.765
-5.785
-5.81
-5.84
-5.865
-5.875
-5.87
-5.865
-5.87
-5.87
-5.87
-5.88
-5.875
-5.875
-5.87
-5.865
-5.86
-5.86
-5.885
-5.91
-5.895
-5.8
-5.67
-5.515
-5.255
-4.865
-4.475
-4.2
-4.08
-4.055
-4.175
-4.425
-4.8
-5.255
-5.705
-6.06
-6.235
-6.24
-6.23
-6.225
-6.225
-6.185
-6.14
-6.08
-6.035
-6.025
-6.025
-6.01
-6.01
-6.01
-6.005
-5.995
-5.99
-5.99
-5.985
-5.98
-5.98
-5.98
-5.965
-5.945
-5.93
-5.92
-5.91
-5.89
-5.87
-5.855
-5.82
-5.8
-5.77
-5.745
-5.71
-5.69
-5.66
-5.64
-5.62
-5.6
-5.58
-5.565
-5.56
-5.55
-5.54
-5.535
-5.54
-5.54
-5.545
-5.55
-5.56
-5.57
-5.585
-5.6
-5.625
-5.64
-5.66
-5.68
-5.7
-5.72
-5.735
-5.755
-5.765
-5.785
-5.795
-5.8
-5.8
-5.805
-5.815
-5.82
-5.825
-5.83
-5.84
-5.84
-5.83
-5.82
-5.82
-5.82
-5.815
-5.81
-5.805
-5.815
-5.8
-5.805
-5.805
-5.805
-5.805
-5.8
-5.79
-5.775
-5.755
-5.745
-5.745
-5.74
-5.745
-5.745
-5.74
-5.73
-5.71
-5.695
-5.695
-5.7
-5.705
-5.7
-5.7
-5.705
-5.725
-5.74
-5.75
-5.77
-5.79
-5.81
-5.84
-5.86
-5.875
-5.88
-5.88
-5.885
-5.89
-5.89
-5.895
-5.895
-5.895
-5.895
-5.89
-5.88
-5.88
-5.885
-5.91
-5.915
-5.84
-5.715
-5.585
-5.39
-5.06
-4.66
-4.325
-4.14
-4.085
-4.135
-4.335
-4.64
-5.055
-5.515
-5.94
-6.2
-6.275
-6.26
-6.26
-6.26
-6.23
-6.16
-6.105
-6.07
-6.06
-6.055
-6.05
-6.04
-6.035
-6.03
-6.02
-6.02
-6.015
-6.005
-6.0
-5.995
-5.985
-5.98
-5.975
-5.965
-5.955
-5.94
-5.925
-5.91
-5.88
-5.855
-5.835
-5.8
-5.765
-5.735
-5.705
-5.68
-5.65
-5.625
-5.605
-5.585
-5.57
-5.555
-5.555
-5.55
-5.54
-5.535
-5.53
-5.54
-5.545
-5.56
-5.57
-5.58
-5.595
-5.61
-5.63
-5.655
-5.68
-5.7
-5.72
-5.745
-5.765
-5.78
-5.79
-5.8
-5.81
-5.815
-5.825
-5.835
-5.84
-5.84
-5.845
-5.85
-5.855
-5.85
-5.855
-5.855
-5.855
-5.85
-5.855
-5.85
-5.845
-5.85
-5.845
-5.84
-5.83
-5.825
-5.81
-5.8
-5.78
-5.77
-5.765
-5.765
-5.77
-5.77
-5.765
-5.75
-5.72
-5.7
-5.69
-5.705
-5.71
-5.705
-5.705
-5.705
-5.72
-5.735
-5.755
-5.775
-5.805
-5.825
-5.85
-5.88
-5.895
-5.905
-5.9
-5.9
-5.895
-5.895
-5.895
-5.9
-5.895
-5.89
-5.885
-5.885
-5.89
-5.91
-5.925
-5.92
-5.855
-5.72
-5.595
-5.405
-5.08
-4.68
-4.34
-4.15
-4.09
-4.155
-4.36
-4.675
-5.11
-5.575
-5.975
-6.225
-6.275
-6.26
-6.255
-6.255
-6.22
-6.165
-6.1
-6.05
-6.035
-6.035
-6.025
-6.02
-6.02
-6.01
-6.005
-6.005
-6.005
-6.0
-6.0
-5.995
-5.98
-5.975
-5.965
-5.955
-5.945
-5.93
-5.92
-5.895
-5.88
-5.855
-5.825
-5.795
-5.765
-5.735
-5.715
-5.69
-5.665
-5.64
-5.62
-5.6
-5.58
-5.565
-5.555
-5.53
-5.52
-5.52
-5.515
-5.51
-5.52
-5.53
-5.54
-5.55
-5.56
-5.585
-5.61
-5.63
-5.655
-5.675
-5.69
-5.71
-5.735
-5.75
-5.765
-5.78
-5.785
-5.81
-5.82
-5.825
-5.83
-5.835
-5.84
-5.845
-5.85
-5.855
-5.86
-5.86
-5.845
-5.84
-5.84
-5.83
-5.835
-5.835
-5.825
-5.825
-5.83
-5.83
-5.82
-5.8
-5.785
-5.78
-5.77
-5.765
-5.77
-5.77
-5.745
-5.725
-5.7
-5.68
-5.68
-5.685
-5.685
-5.685
-5.69
-5.695
-5.705
-5.725
-5.745
-5.77
-5.795
-5.81
-5.84
-5.865
-5.87
-5.875
-5.88
-5.88
-5.895
-5.9
-5.905
-5.895
-5.895
-5.9
-5.885
-5.88
-5.885
-5.9
-5.92
-5.92
-5.84
-5.715
-5.575
-5.36
-5.01
-4.605
-4.28
-4.125
-4.075
-4.135
-4.335
-4.65
-5.075
-5.525
-5.945
-6.23
-6.31
-6.3
-6.285
-6.275
-6.245
-6.185
-6.13
-6.075
-6.045
-6.04
-6.035
-6.025
-6.03
-6.02
-6.02
-6.02
-6.005
-6.005
-6.0
-5.995
-5.995
-5.99
-5.98
-5.96
-5.95
-5.94
-5.925
-5.91
-5.895
-5.875
-5.85
-5.82
-5.79
-5.76
-5.735
-5.71
-5.69
-5.67
-5.64
-5.625
-5.61
-5.595
-5.58
-5.56
-5.555
-5.55
-5.555
-5.56
-5.56
-5.57
-5.575
-5.59
-5.6
-5.6
-5.62
-5.62
-5.64
-5.655
-5.68
-5.705
-5.73
-5.735
-5.76
-5.765
-5.78
-5.795
-5.79
-5.8
-5.81
-5.82
-5.83
-5.835
-5.84
-5.84
-5.845
-5.84
-5.845
-5.85
-5.84
-5.84
-5.845
-5.835
-5.835
-5.83
-5.825
-5.84
-5.825
-5.81
-5.8
-5.775
-5.775
-5.78
-5.775
-5.77
-5.755
-5.74
-5.71
-5.7
-5.7
-5.7
-5.71
-5.715
-5.715
-5.715
-5.72
-5.73
-5.745
-5.755
-5.77
-5.785
-5.805
-5.835
-5.855
-5.875
-5.875
-5.875
-5.88
-5.875
-5.88
-5.88
-5.875
-5.875
-5.875
-5.88
-5.88
-5.88
-5.9
-5.935
-5.935
-5.86
-5.725
-5.585
-5.355
-4.995
-4.585
-4.26
-4.095
-4.04
-4.105
-4.315
-4.64
-5.075
-5.515
-5.925
-6.205
-6.28
-6.265
-6.265
-6.27
-6.245
-6.19
-6.14
-6.08
-6.06
-6.05
-6.045
-6.04
-6.03
-6.02
-6.005
-6.0
-5.995
-5.98
-5.985
-5.98
-5.975
-5.965
-5.96
-5.96
-5.94
-5.935
-5.915
-5.91
-5.885
-5.86
-5.83
-5.805
-5.78
-5.76
-5.735
-5.715
-5.69
-5.66
-5.64
-5.62
-5.59
-5.575
-5.565
-5.55
-5.545
-5.535
-5.535
-5.535
-5.55
-5.56
-5.565
-5.58
-5.59
-5.605
-5.635
-5.655
-5.67
-5.69
-5.695
-5.725
-5.75
-5.76
-5.755
-5.76
-5.765
-5.775
-5.785
-5.8
-5.805
-5.815
-5.81
-5.815
-5.815
-5.81
-5.815
-5.815
-5.825
-5.82
-5.82
-5.82
-5.82
-5.815
-5.81
-5.81
-5.805
-5.815
-5.815
-5.8
-5.77
-5.76
-5.75
-5.745
-5.75
-5.745
-5.735
-5.735
-5.705
-5.68
-5.66
-5.665
-5.675
-5.675
-5.68
-5.685
-5.695
-5.71
-5.72
-5.74
-5.76
-5.78
-5.8
-5.82
-5.84
-5.84
-5.845
-5.84
-5.845
-5.845
-5.855
-5.855
-5.86
-5.86
-5.855
-5.855
-5.845
-5.85
-5.865
-5.89
-5.87
-5.77
-5.65
-5.5
-5.255
-4.895
-4.51
-4.225
-4.09
-4.05
-4.14
-4.365
-4.735
-5.19
-5.645
-6.02
-6.23
-6.24
-6.24
-6.24
-6.23
-6.19
-6.13
-6.075
-6.03
-6.02
-6.015
-6.005
-5.995
-5.995
-5.99
-5.995
-5.98
-5.99
-5.99
-5.98
-5.98
-5.965
-5.95
-5.94
-5.925
-5.915
-5.895
-5.875
-5.86
-5.84
-5.81
-5.78
-5.76
-5.73
-5.705
-5.68
-5.65
-5.63
-5.61
-5.59
-5.575
-5.56
-5.56
-5.55
-5.54
-5.535
-5.52
-5.52
-5.525
-5.525
-5.535
-5.54
-5.555
-5.565
-5.59
-5.615
-5.635
-5.65
-5.67
-5.685
-5.7
-5.725
-5.74
-5.75
-5.76
-5.78
-5.79
-5.795
-5.805
-5.805
-5.805
-5.8
-5.795
-5.8
-5.8
-5.805
-5.805
-5.8
-5.8
-5.8
-5.795
-5.795
-5.79
-5.79
-5.79
-5.785
-5.78
-5.78
-5.77
-5.765
-5.745
-5.73
-5.72
-5.72
-5.725
-5.73
-5.735
-5.715
-5.69
-5.66
-5.66
-5.665
-5.67
-5.67
-5.675
-5.685
-5.69
-5.71
-5.72
-5.745
-5.76
-5.785
-5.81
-5.835
-5.85
-5.86
-5.86
-5.86
-5.87
-5.87
-5.87
-5.865
-5.86
-5.85
-5.84
-5.84
-5.845
-5.85
-5.88
-5.88
-5.835
-5.705
-5.575
-5.4
-5.095
-4.705
-4.345
-4.135
-4.06
-4.095
-4.275
-4.57
-4.99
-5.455
-5.88
-6.16
-6.245
-6.24
-6.235
-6.23
-6.205
-6.145
-6.08
-6.04
-6.025
-6.03
-6.02
-6.015
-6.005
-6.0
-5.995
-5.985
-5.975
-5.975
-5.97
-5.975
-5.975
-5.97
-5.96
-5.95
-5.94
-5.92
-5.9
-5.875
-5.85
-5.825
-5.8
-5.78
-5.75
-5.72
-5.69
-5.67
-5.64
-5.62
-5.585
-5.565
-5.54
-5.525
-5.51
-5.505
-5.49
-5.49
-5.485
-5.485
-5.49
-5.5
-5.52
-5.53
-5.55
-5.565
-5.58
-5.6
-5.625
-5.645
-5.66
-5.68
-5.695
-5.71
-5.725
-5.74
-5.75
-5.76
-5.775
-5.78
-5.785
-5.795
-5.8
-5.8
-5.8
-5.8
-5.8
-5.8
-5.8
-5.785
-5.785
-5.785
-5.785
-5.775
-5.775
-5.77
-5.77
-5.765
-5.765
-5.76
-5.76
-5.745
-5.725
-5.72
-5.71
-5.7
-5.71
-5.71
-5.705
-5.68
-5.665
-5.655
-5.65
-5.66
-5.66
-5.66
-5.66
-5.665
-5.68
-5.7
-5.715
-5.73
-5.755
-5.775
-5.805
-5.82
-5.835
-5.84
-5.84
-5.84
-5.85
-5.845
-5.85
-5.85
-5.855
-5.85
-5.85
-5.845
-5.855
-5.865
-5.885
-5.88
-5.8
-5.665
-5.525
-5.315
-4.975
-4.57
-4.25
-4.095
-4.06
-4.165
-4.39
-4.72
-5.145
-5.6
-5.985
-6.2
-6.24
-6.23
-6.23
-6.23
-6.19
-6.13
-6.07
-6.035
-6.02
-6.015
-6.015
-6.0
-5.99
-5.99
-5.99
-5.985
-5.98
-5.975
-5.975
-5.97
-5.965
-5.96
-5.945
-5.945
-5.935
-5.925
-5.91
-5.89
-5.875
-5.85
-5.82
-5.785
-5.745
-5.715
-5.69
-5.665
-5.635
-5.615
-5.595
-5.575
-5.56
-5.555
-5.54
-5.53
-5.52
-5.515
-5.51
-5.505
-5.515
-5.52
-5.535
-5.55
-5.56
-5.575
-5.59
-5.605
-5.63
-5.65
-5.68
-5.695
-5.71
-5.73
-5.75
-5.765
-5.78
-5.795
-5.8
-5.805
-5.82
-5.82
-5.83
-5.835
-5.84
-5.84
-5.845
-5.85
-5.85
-5.84
-5.845
-5.85
-5.84
-5.835
-5.835
-5.82
-5.81
-5.805
-5.8
-5.795
-5.785
-5.78
-5.765
-5.76
-5.755
-5.75
-5.74
-5.75
-5.745
-5.73
-5.71
-5.69
-5.675
-5.68
-5.69
-5.69
-5.69
-5.695
-5.715
-5.735
-5.75
-5.76
-5.78
-5.79
-5.81
-5.83
-5.85
-5.865
-5.875
-5.88
-5.885
-5.885
-5.885
-5.88
-5.88
-5.875
-5.88
-5.88
-5.88
-5.885
-5.895
-5.92
-5.91
-5.84
-5.705
-5.565
-5.35
-5.035
-4.645
-4.32
-4.14
-4.08
-4.115
-4.295
-4.58
-4.98
-5.43
-5.855
-6.155
-6.26
-6.255
-6.245
-6.255
-6.235
-6.185
-6.125
-6.07
-6.045
-6.05
-6.045
-6.045
-6.04
-6.035
-6.025
-6.02
-6.015
-6.015
-6.0
-6.0
-5.985
-5.98
-5.975
-5.97
-5.965
-5.96
-5.945
-5.935
-5.91
-5.89
-5.87
-5.84
-5.815
-5.785
-5.765
-5.735
-5.7
-5.66
-5.635
-5.61
-5.59
-5.575
-5.555
-5.55
-5.54
-5.54
-5.525
-5.52
-5.525
-5.54
-5.535
-5.54
-5.555
-5.575
-5.6
-5.62
-5.63
-5.655
-5.68
-5.705
-5.73
-5.76
-5.78
-5.795
-5.81
-5.82
-5.82
-5.82
-5.825
-5.83
-5.835
-5.84
-5.845
-5.85
-5.85
-5.845
-5.855
-5.855
-5.845
-5.84
-5.84
-5.84
-5.84
-5.84
-5.835
-5.835
-5.83
-5.82
-5.795
-5.78
-5.775
-5.765
-5.75
-5.75
-5.755
-5.765
-5.755
-5.735
-5.72
-5.69
-5.68
-5.69
-5.695
-5.7
-5.695
-5.705
-5.715
-5.725
-5.76
-5.785
-5.805
-5.83
-5.855
-5.88
-5.9
-5.9
-5.895
-5.905
-5.915
-5.92
-5.92
-5.91
-5.9
-5.9
-5.9
-5.895
-5.9
-5.9
-5.925
-5.945
-5.91
-5.805
-5.68
-5.52
-5.245
-4.845
-4.445
-4.185
-4.08
-4.07
-4.205
-4.46
-4.855
-5.315
-5.765
-6.11
-6.28
-6.29
-6.28
-6.28
-6.28
-6.24
-6.185
-6.12
-6.08
-6.075
-6.075
-6.065
-6.055
-6.05
-6.045
-6.045
-6.045
-6.055
-6.05
-6.04
-6.025
-6.02
-6.01
-6.0
-5.99
-5.97
-5.965
-5.95
-5.925
-5.905
-5.885
-5.865
-5.84
-5.805
-5.785
-5.755
-5.725
-5.705
-5.685
-5.66
-5.64
-5.62
-5.595
-5.59
-5.58
-5.565
-5.56
-5.555
-5.555
-5.56
-5.58
-5.59
-5.6
-5.61
-5.625
-5.645
-5.675
-5.69
-5.705
-5.73
-5.76
-5.77
-5.78
-5.795
-5.805
-5.825
-5.835
-5.85
-5.87
-5.875
-5.87
-5.865
-5.86
-5.86
-5.86
-5.87
-5.875
-5.875
-5.875
-5.875
-5.87
-5.875
-5.875
-5.875
-5.87
-5.855
-5.845
-5.84
-5.835
-5.84
-5.825
-5.8
-5.785
-5.78
-5.76
-5.75
-5.745
-5.725
-5.695
-5.695
-5.695
-5.71
-5.72
-5.705
-5.705
-5.715
-5.73
-5.745
-5.765
-5.78
-5.8
-5.825
-5.855
-5.87
-5.885
-5.905
-5.91
-5.92
-5.915
-5.91
-5.89
-5.885
-5.89
-5.89
-5.885
-5.895
-5.89
-5.9
-5.92
-5.91
-5.84
-5.705
-5.565
-5.325
-4.98
-4.58
-4.255
-4.09
-4.055
-4.13
-4.345
-4.675
-5.115
-5.56
-5.955
-6.21
-6.26
-6.245
-6.24
-6.235
-6.22
-6.18
-6.12
-6.08
-6.06
-6.045
-6.04
-6.04
-6.035
-6.03
-6.03
-6.025
-6.02
-6.01
-6.005
-6.0
-6.005
-6.005
-5.995
-5.985
-5.975
-5.955
-5.935
-5.91
-5.895
-5.88
-5.855
-5.83
-5.8
-5.775
-5.75
-5.72
-5.695
-5.67
-5.65
-5.625
-5.61
-5.595
-5.585
-5.56
-5.55
-5.55
-5.55
-5.55
-5.545
-5.555
-5.565
-5.58
-5.59
-5.6
-5.61
-5.62
-5.64
-5.66
-5.68
-5.7
-5.72
-5.735
-5.76
-5.76
-5.78
-5.785
-5.795
-5.795
-5.8
-5.815
-5.82
-5.83
-5.84
-5.835
-5.84
-5.835
-5.835
-5.835
-5.83
-5.835
-5.835
-5.825
-5.82
-5.82
-5.82
-5.81
-5.805
-5.795
-5.775
-5.76
-5.75
-5.74
-5.745
-5.74
-5.74
-5.715
-5.69
-5.66
-5.655
-5.66
-5.655
-5.66
-5.66
-5.665
-5.68
-5.69
-5.715
-5.725
-5.745
-5.77
-5.79
-5.81
-5.825
-5.82
-5.83
-5.83
-5.84
-5.85
-5.85
-5.85
-5.855
-5.86
-5.86
-5.865
-5.87
-5.875
-5.895
-5.895
-5.835
-5.715
-5.585
-5.405
-5.11
-4.715
-4.345
-4.125
-4.045
-4.05
-4.2
-4.47
-4.875
-5.34
-5.795
-6.12
-6.24
-6.225
-6.23
-6.23
-6.21
-6.16
-6.1
-6.04
-6.015
-6.005
-6.0
-6.01
-6.0
-5.995
-5.99
-5.985
-5.98
-5.975
-5.975
-5.965
-5.97
-5.96
-5.96
-5.955
-5.945
-5.93
-5.92
-5.91
-5.89
-5.87
-5.855
-5.825
-5.795
-5.755
-5.74
-5.705
-5.68
-5.655
-5.63
-5.6
-5.59
-5.57
-5.555
-5.545
-5.535
-5.525
-5.52
-5.525
-5.53
-5.535
-5.545
-5.555
-5.565
-5.585
-5.6
-5.62
-5.635
-5.65
-5.655
-5.67
-5.685
-5.7
-5.715
-5.725
-5.745
-5.75
-5.76
-5.77
-5.775
-5.78
-5.785
-5.795
-5.8
-5.8
-5.805
-5.805
-5.81
-5.805
-5.8
-5.8
-5.805
-5.805
-5.81
-5.81
-5.81
-5.805
-5.8
-5.8
-5.795
-5.78
-5.76
-5.735
-5.73
-5.725
-5.72
-5.73
-5.735
-5.73
-5.705
-5.685
-5.665
-5.655
-5.665
-5.67
-5.66
-5.67
-5.68
-5.695
-5.705
-5.715
-5.72
-5.74
-5.76
-5.775
-5.805
-5.82
-5.825
-5.825
-5.825
-5.83
-5.84
-5.84
-5.84
-5.845
-5.84
-5.845
-5.84
-5.84
-5.84
-5.855
-5.875
-5.845
-5.75
-5.625
-5.48
-5.24
-4.875
-4.48
-4.185
-4.06
-4.03
-4.155
-4.4
-4.77
-5.215
-5.68
-6.035
-6.23
-6.24
-6.235
-6.24
-6.23
-6.18
-6.12
-6.06
-6.025
-6.02
-6.02
-6.02
-6.01
-6.01
-6.005
-6.0
-5.99
-5.98
-5.98
-5.965
-5.955
-5.95
-5.955
-5.945
-5.935
-5.925
-5.915
-5.895
-5.88
-5.87
-5.84
-5.82
-5.8
-5.77
-5.74
-5.715
-5.68
-5.66
-5.64
-5.61
-5.595
-5.58
-5.56
-5.54
-5.53
-5.52
-5.505
-5.51
-5.5
-5.505
-5.515
-5.52
-5.53
-5.545
-5.565
-5.585
-5.61
-5.63
-5.65
-5.675
-5.695
-5.72
-5.745
-5.76
-5.775
-5.78
-5.795
-5.8
-5.8
-5.8
-5.8
-5.8
-5.8
-5.8
-5.805
-5.81
-5.815
-5.81
-5.81
-5.81
-5.815
-5.805
-5.805
-5.8
-5.8
-5.8
-5.8
-5.785
-5.78
-5.77
-5.765
-5.76
-5.76
-5.75
-5.745
-5.745
-5.735
-5.71
-5.69
-5.665
-5.665
-5.675
-5.68
-5.68
-5.68
-5.685
-5.7
-5.72
-5.73
-5.745
-5.765
-5.79
-5.81
-5.84
-5.86
-5.87
-5.87
-5.88
-5.88
-5.875
-5.865
-5.855
-5.86
-5.855
-5.855
-5.86
-5.86
-5.865
-5.88
-5.9
-5.855
-5.745
-5.605
-5.435
-5.135
-4.73
-4.355
-4.14
-4.06
-4.105
-4.295
-4.59
-5.0
-5.455
-5.885
-6.175
-6.28
-6.27
-6.265
-6.265
-6.235
-6.175
-6.115
-6.06
-6.045
-6.045
-6.04
-6.03
-6.025
-6.02
-6.01
-6.02
-6.015
-6.015
-6.005
-6.0
-5.995
-5.99
-5.985
-5.975
-5.96
-5.925
-5.91
-5.89
-5.87
-5.855
-5.83
-5.8
-5.765
-5.745
-5.715
-5.685
-5.66
-5.64
-5.62
-5.6
-5.58
-5.565
-5.55
-5.535
-5.53
-5.52
-5.52
-5.52
-5.525
-5.535
-5.545
-5.55
-5.575
-5.59
-5.615
-5.625
-5.645
-5.67
-5.69
-5.705
-5.72
-5.74
-5.755
-5.765
-5.78
-5.8
-5.805
-5.815
-5.825
-5.83
-5.835
-5.84
-5.84
-5.84
-5.84
-5.835
-5.83
-5.83
-5.825
-5.825
-5.82
-5.815
-5.815
-5.815
-5.81
-5.81
-5.805
-5.795
-5.785
-5.775
-5.765
-5.755
-5.75
-5.76
-5.76
-5.745
-5.74
-5.72
-5.71
-5.705
-5.705
-5.695
-5.69
-5.69
-5.705
-5.715
-5.745
-5.76
-5.775
-5.8
-5.815
-5.845
-5.86
-5.88
-5.885
-5.89
-5.895
-5.9
-5.9
-5.905
-5.9
-5.905
-5.905
-5.895
-5.895
-5.89
-5.9
-5.925
-5.9
-5.8
-5.66
-5.52
-5.29
-4.945
-4.55
-4.245
-4.095
-4.055
-4.15
-4.37
-4.72
-5.18
-5.65
-6.04
-6.265
-6.295
-6.28
-6.285
-6.28
-6.24
-6.18
-6.12
-6.085
-6.08
-6.07
-6.065
-6.065
-6.055
-6.045
-6.045
-6.04
-6.03
-6.03
-6.02
-6.015
-6.015
-6.005
-6.0
-5.985
-5.98
-5.975
-5.96
-5.94
-5.92
-5.9
-5.865
-5.825
-5.79
-5.755
-5.73
-5.7
-5.68
-5.65
-5.625
-5.6
-5.585
-5.575
-5.56
-5.555
-5.555
-5.55
-5.545
-5.545
-5.555
-5.565
-5.58
-5.59
-5.605
-5.625
-5.645
-5.66
-5.685
-5.7
-5.715
-5.735
-5.75
-5.765
-5.78
-5.795
-5.805
-5.81
-5.825
-5.84
-5.855
-5.85
-5.855
-5.86
-5.855
-5.86
-5.855
-5.855
-5.86
-5.86
-5.855
-5.855
-5.855
-5.85
-5.83
-5.825
-5.815
-5.81
-5.805
-5.8
-5.785
-5.765
-5.755
-5.745
-5.735
-5.75
-5.745
-5.735
-5.72
-5.695
-5.67
-5.67
-5.68
-5.68
-5.685
-5.695
-5.72
-5.73
-5.755
-5.775
-5.79
-5.8
-5.81
-5.84
-5.865
-5.87
-5.87
-5.87
-5.88
-5.885
-5.885
-5.885
-5.885
-5.875
-5.875
-5.88
-5.875
-5.875
-5.9
-5.92
-5.88
-5.755
-5.615
-5.415
-5.1
-4.7
-4.325
-4.1
-4.02
-4.05
-4.225
-4.53
-4.97
-5.44
-5.875
-6.165
-6.26
-6.245
-6.24
-6.24
-6.225
-6.18
-6.125
-6.08
-6.05
-6.05
-6.04
-6.03
-6.025
-6.025
-6.02
-6.015
-6.0
-6.0
-5.99
-5.98
-5.975
-5.975
-5.97
-5.96
-5.95
-5.94
-5.925
-5.915
-5.895
-5.875
-5.855
-5.83
-5.8
-5.785
-5.76
-5.73
-5.7
-5.68
-5.645
-5.62
-5.595
-5.57
-5.555
-5.545
-5.535
-5.53
-5.53
-5.53
-5.52
-5.525
-5.54
-5.55
-5.565
-5.58
-5.59
-5.6
-5.625
-5.645
-5.665
-5.69
-5.71
-5.73
-5.755
-5.77
-5.78
-5.785
-5.785
-5.79
-5.795
-5.8
-5.805
-5.815
-5.82
-5.825
-5.82
-5.83
-5.83
-5.83
-5.83
-5.825
-5.82
-5.815
-5.815
-5.81
-5.81
-5.805
-5.8
-5.805
-5.8
-5.785
-5.765
-5.755
-5.725
-5.72
-5.71
-5.71
-5.72
-5.715
-5.71
-5.685
-5.66
-5.645
-5.655
-5.655
-5.655
-5.655
-5.665
-5.68
-5.69
-5.715
-5.73
-5.74
-5.765
-5.795
-5.82
-5.84
-5.845
-5.85
-5.85
-5.855
-5.865
-5.87
-5.87
-5.86
-5.85
-5.855
-5.85
-5.855
-5.855
-5.86
-5.88
-5.88
-5.82
-5.7
-5.56
-5.385
-5.075
-4.675
-4.305
-4.09
-4.01
-4.025
-4.185
-4.45
-4.845
-5.31
-5.755
-6.09
-6.24
-6.225
-6.22
-6.22
-6.205
-6.16
-6.09
-6.035
-6.01
-6.01
-6.005
-5.995
-5.995
-5.99
-6.0
-6.0
-6.0
-6.0
-5.995
-5.995
-5.985
-5.985
-5.985
-5.98
-5.96
-5.955
-5.935
-5.92
-5.9
-5.875
-5.85
-5.83
-5.8
-5.775
-5.75
-5.72
-5.69
-5.665
-5.645
-5.625
-5.59
-5.57
-5.555
-5.53
-5.515
-5.5
-5.49
-5.49
-5.49
-5.495
-5.51
-5.52
-5.53
-5.54
-5.56
-5.575
-5.59
-5.61
-5.64
-5.655
-5.68
-5.695
-5.72
-5.735
-5.745
-5.765
-5.78
-5.795
-5.795
-5.8
-5.805
-5.805
-5.81
-5.815
-5.815
-5.815
-5.82
-5.825
-5.82
-5.82
-5.82
-5.815
-5.805
-5.81
-5.81
-5.805
-5.805
-5.8
-5.795
-5.795
-5.78
-5.755
-5.735
-5.72
-5.72
-5.72
-5.72
-5.72
-5.71
-5.685
-5.66
-5.645
-5.645
-5.66
-5.655
-5.66
-5.67
-5.68
-5.69
-5.705
-5.715
-5.74
-5.76
-5.785
-5.815
-5.84
-5.85
-5.855
-5.85
-5.86
-5.865
-5.87
-5.875
-5.87
-5.87
-5.865
-5.86
-5.86
-5.85
-5.86
-5.885
-5.895
-5.82
-5.7
-5.58
-5.375
-5.04
-4.615
-4.265
-4.085
-4.04
-4.125
-4.35
-4.69
-5.135
-5.6
-5.99
-6.205
-6.24
-6.235
-6.24
-6.24
-6.19
-6.13
-6.07
-6.035
-6.03
-6.02
-6.015
-6.015
-6.01
-6.005
-6.0
-5.995
-5.995
-6.0
-6.0
-6.0
-5.995
-5.99
-5.98
-5.975
-5.97
-5.955
-5.94
-5.92
-5.9
-5.88
-5.85
-5.84
-5.8
-5.77
-5.745
-5.715
-5.695
-5.665
-5.635
-5.61
-5.59
-5.57
-5.55
-5.53
-5.52
-5.505
-5.5
-5.51
-5.515
-5.53
-5.545
-5.56
-5.575
-5.585
-5.6
-5.62
-5.64
-5.66
-5.68
-5.695
-5.72
-5.735
-5.75
-5.77
-5.785
-5.79
-5.8
-5.805
-5.82
-5.835
-5.835
-5.835
-5.84
-5.84
-5.845
-5.845
-5.855
-5.855
-5.855
-5.855
-5.85
-5.85
-5.855
-5.86
-5.86
-5.855
-5.845
-5.85
-5.85
-5.835
-5.81
-5.8
-5.785
-5.775
-5.765
-5.77
-5.765
-5.75
-5.74
-5.72
-5.705
-5.7
-5.7
-5.7
-5.705
-5.705
-5.71
-5.72
-5.74
-5.765
-5.78
-5.8
-5.815
-5.84
-5.86
-5.875
-5.885
-5.895
-5.9
-5.91
-5.91
-5.905
-5.9
-5.91
-5.905
-5.9
-5.9
-5.895
-5.905
-5.93
-5.935
-5.875
-5.74
-5.605
-5.41
-5.08
-4.68
-4.32
-4.11
-4.045
-4.09
-4.28
-4.595
-5.04
-5.5
-5.945
-6.22
-6.31
-6.295
-6.285
-6.28
-6.265
-6.215
-6.155
-6.085
-6.06
-6.055
-6.045
-6.045
-6.04
-6.04
-6.035
-6.025
-6.015
-6.02
-6.02
-6.02
-6.02
-6.015
-6.005
-6.005
-6.005
-5.99
-5.975
-5.955
-5.94
-5.92
-5.9
-5.87
-5.84
-5.815
-5.78
-5.75
-5.715
-5.69
-5.66
-5.635
-5.625
-5.6
-5.59
-5.57
-5.56
-5.555
-5.555
-5.565
-5.565
-5.57
-5.58
-5.58
-5.585
-5.595
-5.61
-5.625
-5.65
-5.675
-5.69
-5.71
-5.735
-5.75
-5.755
-5.76
-5.775
-5.79
-5.8
-5.805
-5.81
-5.815
-5.815
-5.815
-5.82
-5.83
-5.835
-5.85
-5.86
-5.85
-5.845
-5.85
-5.855
-5.855
-5.85
-5.84
-5.835
-5.83
-5.825
-5.815
-5.815
-5.805
-5.8
-5.785
-5.775
-5.76
-5.755
-5.76
-5.76
-5.755
-5.735
-5.715
-5.695
-5.685
-5.69
-5.69
-5.68
-5.68
-5.69
-5.7
-5.715
-5.725
-5.74
-5.76
-5.79
-5.82
-5.85
-5.855
-5.86
-5.865
-5.865
-5.88
-5.88
-5.88
-5.875
-5.865
-5.87
-5.87
-5.88
-5.88
-5.895
-5.92
-5.91
-5.815
-5.69
-5.55
-5.31
-4.95
-4.55
-4.22
-4.065
-4.02
-4.115
-4.335
-4.7
-5.175
-5.64
-6.035
-6.25
-6.275
-6.26
-6.26
-6.255
-6.23
-6.175
-6.115
-6.07
-6.055
-6.05
-6.04
-6.025
-6.02
-6.015
-6.01
-6.005
-6.005
-6.0
-6.0
-5.99
-5.99
-5.98
-5.965
-5.96
-5.96
-5.95
-5.935
-5.92
-5.9
-5.88
-5.86
-5.84
-5.805
-5.785
-5.75
-5.72
-5.695
-5.68
-5.66
-5.64
-5.62
-5.6
-5.585
-5.57
-5.57
-5.57
-5.565
-5.56
-5.565
-5.57
-5.59
-5.595
-5.61
-5.625
-5.64
-5.66
-5.675
-5.685
-5.695
-5.71
-5.72
-5.735
-5.75
-5.76
-5.78
-5.79
-5.795
-5.8
-5.805
-5.82
-5.82
-5.82
-5.815
-5.81
-5.82
-5.82
-5.82
-5.825
-5.83
-5.825
-5.82
-5.825
-5.82
-5.82
-5.82
-5.81
-5.815
-5.815
-5.805
-5.8
-5.795
-5.775
-5.765
-5.75
-5.735
-5.735
-5.735
-5.735
-5.735
-5.725
-5.705
-5.685
-5.665
-5.67
-5.685
-5.685
-5.68
-5.695
-5.7
-5.705
-5.72
-5.725
-5.745
-5.76
-5.785
-5.805
-5.83
-5.84
-5.84
-5.84
-5.84
-5.845
-5.84
-5.84
-5.84
-5.84
-5.84
-5.845
-5.845
-5.85
-5.865
-5.88
-5.86
-5.77
-5.64
-5.495
-5.26
-4.9
-4.505
-4.195
-4.04
-4.005
-4.1
-4.315
-4.665
-5.12
-5.585
-5.965
-6.19
-6.235
-6.225
-6.225
-6.23
-6.2
-6.15
-6.08
-6.04
-6.025
-6.02
-6.02
-6.015
-6.005
-5.995
-5.99
-5.985
-5.975
-5.97
-5.965
-5.965
-5.965
-5.96
-5.96
-5.95
-5.935
-5.93
-5.915
-5.9
-5.875
-5.865
-5.845
-5.825
-5.8
-5.77
-5.74
-5.72
-5.69
-5.67
-5.64
-5.615
-5.595
-5.57
-5.555
-5.545
-5.525
-5.52
-5.515
-5.515
-5.52
-5.525
-5.535
-5.54
-5.555
-5.57
-5.585
-5.6
-5.62
-5.64
-5.66
-5.68
-5.7
-5.72
-5.735
-5.745
-5.755
-5.76
-5.775
-5.78
-5.785
-5.795
-5.8
-5.8
-5.8
-5.8
-5.81
-5.81
-5.81
-5.805
-5.815
-5.805
-5.81
-5.815
-5.81
-5.8
-5.8
-5.8
-5.805
-5.8
-5.8
-5.795
-5.785
-5.775
-5.76
-5.74
-5.73
-5.73
-5.73
-5.735
-5.725
-5.72
-5.695
-5.675
-5.66
-5.665
-5.68
-5.68
-5.68
-5.69
-5.705
-5.72
-5.74
-5.755
-5.77
-5.785
-5.79
-5.805
-5.82
-5.83
-5.835
-5.835
-5.84
-5.84
-5.84
-5.84
-5.84
-5.84
-5.84
-5.835
-5.84
-5.84
-5.86
-5.875
-5.84
-5.735
-5.6
-5.46
-5.2
-4.82
-4.425
-4.145
-4.04
-4.035
-4.2
-4.46
-4.865
-5.32
-5.77
-6.09
-6.24
-6.24
-6.24
-6.24
-6.23
-6.175
-6.11
-6.055
-6.035
-6.035
-6.025
-6.025
-6.02
-6.02
-6.02
-6.01
-6.005
-6.0
-5.985
-5.985
-5.97
-5.97
-5.96
-5.945
-5.94
-5.93
-5.915
-5.905
-5.89
-5.87
-5.855
-5.825
-5.8
-5.78
-5.745
-5.715
-5.7
-5.67
-5.64
-5.62
-5.6
-5.58
-5.575
-5.56
-5.54
-5.53
-5.525
-5.535
-5.535
-5.535
-5.53
-5.545
-5.55
-5.565
-5.585
-5.6
-5.62
-5.645
-5.665
-5.68
-5.7
-5.725
-5.74
-5.76
-5.775
-5.78
-5.795
-5.8
-5.8
-5.8
-5.805
-5.81
-5.805
-5.8
-5.8
-5.81
-5.82
-5.82
-5.825
-5.82
-5.815
-5.805
-5.805
-5.81
-5.82
-5.82
-5.825
-5.83
-5.83
-5.82
-5.815
-5.8
-5.8
-5.785
-5.77
-5.755
-5.75
-5.755
-5.74
-5.725
-5.7
-5.68
-5.67
-5.68
-5.685
-5.69
-5.685
-5.69
-5.7
-5.715
-5.735
-5.755
-5.77
-5.795
-5.82
-5.84
-5.85
-5.86
-5.87
-5.875
-5.865
-5.855
-5.845
-5.85
-5.845
-5.84
-5.84
-5.855
-5.85
-5.86
-5.885
-5.9
-5.845
-5.72
-5.59
-5.43
-5.135
-4.735
-4.345
-4.095
-4.005
-4.005
-4.16
-4.44
-4.86
-5.335
-5.8
-6.125
-6.265
-6.27
-6.27
-6.27
-6.27
-6.225
-6.16
-6.11
-6.07
-6.045
-6.045
-6.035
-6.04
-6.035
-6.035
-6.03
-6.035
-6.035
-6.025
-6.015
-6.015
-6.015
-6.0
-5.985
-5.975
-5.96
-5.945
-5.94
-5.93
-5.905
-5.88
-5.86
-5.835
-5.82
-5.8
-5.755
-5.72
-5.685
-5.67
-5.645
-5.63
-5.605
-5.6
-5.59
-5.575
-5.565
-5.56
-5.575
-5.585
-5.585
-5.59
-5.595
-5.615
-5.625
-5.645
-5.655
-5.66
-5.67
-5.695
-5.715
-5.74
-5.75
-5.77
-5.78
-5.805
-5.815
-5.825
-5.84
-5.845
-5.855
-5.87
-5.87
-5.875
-5.875
-5.865
-5.875
-5.87
-5.86
-5.86
-5.86
-5.84
-5.84
-5.83
-5.825
-5.84
-5.84
-5.84
-5.83
-5.825
-5.815
-5.8
-5.79
-5.775
-5.77
-5.77
-5.755
-5.76
-5.765
-5.77
-5.755
-5.74
-5.71
-5.715
-5.72
-5.71
-5.715
-5.72
-5.725
-5.74
-5.76
-5.765
-5.785
-5.805
-5.835
-5.87
-5.87
-5.88
-5.875
-5.875
-5.88
-5.88
-5.885
-5.89
-5.885
-5.895
-5.9
-5.89
-5.88
-5.87
-5.89
-5.905
-5.88
-5.795
-5.655
-5.49
-5.23
-4.85
-4.45
-4.15
-4.02
-3.99
-4.13
-4.365
-4.745
-5.205
-5.66
-6.05
-6.245
-6.26
-6.255
-6.26
-6.255
-6.23
-6.175
-6.12
-6.08
-6.065
-6.065
-6.06
-6.045
-6.035
-6.035
-6.03
-6.035
-6.04
-6.035
-6.025
-6.015
-6.01
-5.995
-5.995
-5.995
-5.98
-5.975
-5.96
-5.935
-5.915
-5.89
-5.855
-5.83
-5.805
-5.785
-5.76
-5.72
-5.68
-5.64
-5.62
-5.615
-5.595
-5.59
-5.58
-5.57
-5.57
-5.57
-5.565
-5.56
-5.565
-5.565
-5.57
-5.59
-5.6
-5.625
-5.64
-5.66
-5.67
-5.7
-5.715
-5.73
-5.745
-5.76
-5.775
-5.77
-5.77
-5.775
-5.785
-5.795
-5.805
-5.815
-5.82
-5.82
-5.825
-5.84
-5.84
-5.835
-5.83
-5.83
-5.825
-5.815
-5.805
-5.8
-5.8
-5.795
-5.79
-5.785
-5.78
-5.77
-5.76
-5.745
-5.74
-5.735
-5.73
-5.73
-5.73
-5.72
-5.695
-5.67
-5.655
-5.645
-5.64
-5.645
-5.645
-5.655
-5.66
-5.68
-5.695
-5.715
-5.725
-5.745
-5.76
-5.775
-5.8
-5.825
-5.84
-5.84
-5.845
-5.85
-5.86
-5.86
-5.865
-5.865
-5.86
-5.86
-5.86
-5.855
-5.855
-5.86
-5.885
-5.895
-5.84
-5.72
-5.575
-5.38
-5.08
-4.68
-4.305
-4.06
-3.96
-3.96
-4.115
-4.385
-4.79
-5.25
-5.71
-6.045
-6.185
-6.18
-6.18
-6.18
-6.16
-6.12
-6.08
-6.035
-6.025
-6.025
-6.03
-6.03
-6.025
-6.02
-6.015
-6.005
-6.0
-6.0
-6.0
-5.995
-5.99
-5.985
-5.98
-5.97
-5.965
-5.96
-5.945
-5.93
-5.915
-5.9
-5.88
-5.86
-5.84
-5.81
-5.785
-5.755
-5.725
-5.69
-5.66
-5.63
-5.605
-5.59
-5.575
-5.565
-5.555
-5.545
-5.54
-5.525
-5.525
-5.525
-5.54
-5.545
-5.55
-5.555
-5.565
-5.595
-5.61
-5.625
-5.645
-5.67
-5.685
-5.71
-5.725
-5.735
-5.74
-5.75
-5.76
-5.77
-5.775
-5.78
-5.785
-5.785
-5.78
-5.785
-5.79
-5.785
-5.79
-5.795
-5.795
-5.795
-5.79
-5.795
-5.79
-5.795
-5.79
-5.79
-5.785
-5.765
-5.74
-5.72
-5.705
-5.69
-5.695
-5.69
-5.695
-5.69
-5.68
-5.66
-5.635
-5.62
-5.62
-5.625
-5.625
-5.625
-5.64
-5.65
-5.66
-5.68
-5.695
-5.715
-5.74
-5.765
-5.805
-5.825
-5.83
-5.83
-5.83
-5.835
-5.84
-5.84
-5.84
-5.835
-5.835
-5.825
-5.825
-5.83
-5.83
-5.84
-5.865
-5.855
-5.785
-5.65
-5.51
-5.285
-4.915
-4.485
-4.16
-3.995
-3.955
-4.03
-4.255
-4.62
-5.08
-5.56
-5.955
-6.15
-6.16
-6.15
-6.14
-6.12
-6.08
-6.03
-5.99
-5.99
-5.995
-5.995
-6.0
-5.99
-5.995
-5.995
-5.99
-5.995
-5.995
-6.0
-5.99
-5.985
-5.975
-5.97
-5.96
-5.95
-5.945
-5.94
-5.93
-5.92
-5.905
-5.885
-5.865
-5.845
-5.825
-5.8
-5.78
-5.75
-5.725
-5.695
-5.665
-5.64
-5.615
-5.595
-5.58
-5.565
-5.545
-5.53
-5.525
-5.525
-5.53
-5.525
-5.53
-5.545
-5.565
-5.58
-5.59
-5.605
-5.625
-5.645
-5.665
-5.68
-5.695
-5.715
-5.725
-5.74
-5.755
-5.76
-5.775
-5.79
-5.8
-5.8
-5.805
-5.795
-5.795
-5.8
-5.805
-5.81
-5.81
-5.81
-5.8
-5.805
-5.805
-5.805
-5.805
-5.805
-5.805
-5.8
-5.8
-5.78
-5.76
-5.745
-5.74
-5.73
-5.74
-5.735
-5.725
-5.71
-5.68
-5.66
-5.645
-5.65
-5.65
-5.65
-5.655
-5.665
-5.675
-5.695
-5.71
-5.72
-5.745
-5.765
-5.78
-5.81
-5.84
-5.84
-5.84
-5.845
-5.85
-5.855
-5.86
-5.86
-5.86
-5.855
-5.855
-5.855
-5.845
-5.85
-5.87
-5.88
-5.825
-5.71
-5.57
-5.38
-5.055
-4.625
-4.255
-4.06
-3.995
-4.035
-4.24
-4.575
-5.005
-5.47
-5.895
-6.17
-6.225
-6.205
-6.195
-6.185
-6.15
-6.1
-6.045
-6.025
-6.02
-6.02
-6.025
-6.025
-6.03
-6.02
-6.015
-6.015
-6.015
-6.015
-6.015
-6.005
-6.005
-6.0
-6.0
-6.0
-5.99
-5.985
-5.965
-5.955
-5.935
-5.92
-5.895
-5.88
-5.865
-5.84
-5.81
-5.785
-5.76
-5.74
-5.72
-5.69
-5.665
-5.65
-5.635
-5.62
-5.6
-5.59
-5.575
-5.575
-5.57
-5.57
-5.57
-5.58
-5.595
-5.595
-5.605
-5.62
-5.64
-5.66
-5.68
-5.69
-5.71
-5.72
-5.735
-5.745
-5.76
-5.77
-5.78
-5.795
-5.8
-5.8
-5.8
-5.81
-5.81
-5.815
-5.82
-5.82
-5.83
-5.83
-5.83
-5.84
-5.83
-5.83
-5.825
-5.82
-5.8
-5.79
-5.775
-5.76
-5.755
-5.75
-5.755
-5.755
-5.74
-5.72
-5.69
-5.675
-5.67
-5.67
-5.68
-5.68
-5.68
-5.69
-5.705
-5.72
-5.725
-5.73
-5.75
-5.77
-5.8
-5.825
-5.84
-5.845
-5.85
-5.85
-5.855
-5.86
-5.855
-5.855
-5.86
-5.855
-5.85
-5.85
-5.855
-5.87
-5.9
-5.875
-5.775
-5.64
-5.485
-5.225
-4.84
-4.435
-4.165
-4.04
-4.005
-4.12
-4.37
-4.755
-5.225
-5.695
-6.065
-6.24
-6.255
-6.25
-6.25
-6.24
-6.2
-6.14
-6.09
-6.07
-6.065
-6.05
-6.045
-6.05
-6.05
-6.055
-6.04
-6.03
-6.025
-6.02
-6.02
-6.02
-6.015
-6.01
-6.0
-5.995
-5.99
-5.98
-5.96
-5.94
-5.92
-5.9
-5.88
-5.865
-5.84
-5.82
-5.81
-5.79
-5.76
-5.73
-5.705
-5.695
-5.68
-5.66
-5.64
-5.625
-5.62
-5.61
-5.6
-5.595
-5.6
-5.605
-5.61
-5.62
-5.625
-5.635
-5.655
-5.68
-5.695
-5.695
-5.715
-5.735
-5.755
-5.77
-5.785
-5.795
-5.81
-5.815
-5.81
-5.82
-5.82
-5.83
-5.835
-5.84
-5.845
-5.845
-5.84
-5.85
-5.86
-5.86
-5.86
-5.85
-5.85
-5.84
-5.825
-5.82
-5.805
-5.79
-5.78
-5.785
-5.79
-5.795
-5.785
-5.77
-5.74
-5.715
-5.7
-5.7
-5.705
-5.715
-5.71
-5.72
-5.73
-5.735
-5.755
-5.765
-5.78
-5.8
-5.82
-5.85
-5.875
-5.89
-5.895
-5.895
-5.9
-5.905
-5.905
-5.9
-5.89
-5.885
-5.895
-5.89
-5.885
-5.885
-5.895
-5.92
-5.915
-5.84
-5.7
-5.565
-5.36
-5.02
-4.615
-4.275
-4.085
-4.035
-4.085
-4.3
-4.625
-5.065
-5.54
-5.955
-6.23
-6.31
-6.3
-6.3
-6.3
-6.27
-6.225
-6.16
-6.105
-6.075
-6.07
-6.06
-6.06
-6.06
-6.055
-6.05
-6.05
-6.045
-6.04
-6.04
-6.04
-6.035
-6.03
-6.02
-6.01
-6.0
-5.995
-5.985
-5.97
-5.94
-5.92
-5.9
-5.875
-5.85
-5.82
-5.8
-5.785
-5.76
-5.73
-5.705
-5.685
-5.665
-5.645
-5.64
-5.62
-5.605
-5.6
-5.58
-5.575
-5.57
-5.575
-5.58
-5.58
-5.59
-5.59
-5.6
-5.625
-5.65
-5.66
-5.68
-5.7
-5.72
-5.73
-5.75
-5.765
-5.775
-5.785
-5.8
-5.805
-5.81
-5.83
-5.84
-5.84
-5.855
-5.855
-5.845
-5.845
-5.84
-5.825
-5.82
-5.82
-5.82
-5.815
-5.81
-5.805
-5.8
-5.79
-5.785
-5.765
-5.76
-5.75
-5.735
-5.735
-5.73
-5.735
-5.725
-5.715
-5.7
-5.68
-5.66
-5.68
-5.685
-5.69
-5.69
-5.695
-5.71
-5.73
-5.745
-5.755
-5.77
-5.79
-5.815
-5.845
-5.855
-5.865
-5.875
-5.88
-5.88
-5.88
-5.885
-5.885
-5.885
-5.88
-5.875
-5.875
-5.875
-5.875
-5.895
-5.89
-5.81
-5.685
-5.56
-5.38
-5.06
-4.66
-4.31
-4.115
-4.065
-4.13
-4.325
-4.64
-5.06
-5.51
-5.92
-6.18
-6.27
-6.255
-6.25
-6.255
-6.24
-6.185
-6.135
-6.085
-6.055
-6.045
-6.04
-6.04
-6.025
-6.02
-6.015
-6.01
-6.005
-6.015
-6.01
-6.005
-5.995
-5.995
-5.995
-5.985
-5.965
-5.96
-5.95
-5.93
-5.905
-5.89
-5.875
-5.855
-5.825
-5.795
-5.76
-5.735
-5.715
-5.69
-5.67
-5.645
-5.63
-5.61
-5.595
-5.58
-5.57
-5.56
-5.555
-5.545
-5.545
-5.545
-5.555
-5.565
-5.575
-5.59
-5.6
-5.615
-5.635
-5.65
-5.675
-5.695
-5.71
-5.725
-5.745
-5.755
-5.76
-5.78
-5.785
-5.8
-5.8
-5.805
-5.815
-5.815
-5.82
-5.83
-5.83
-5.84
-5.835
-5.835
-5.835
-5.835
-5.83
-5.82
-5.82
-5.81
-5.8
-5.79
-5.78
-5.765
-5.75
-5.74
-5.73
-5.72
-5.725
-5.72
-5.72
-5.705
-5.7
-5.68
-5.655
-5.65
-5.655
-5.66
-5.655
-5.655
-5.67
-5.685
-5.7
-5.73
-5.75
-5.77
-5.795
-5.815
-5.835
-5.85
-5.855
-5.855
-5.855
-5.865
-5.865
-5.87
-5.87
-5.855
-5.855
-5.855
-5.855
-5.86
-5.875
-5.9
-5.875
-5.78
-5.66
-5.51
-5.28
-4.925
-4.525
-4.215
-4.06
-4.025
-4.125
-4.345
-4.68
-5.1
-5.55
-5.955
-6.2
-6.265
-6.255
-6.255
-6.255
-6.23
-6.18
-6.12
-6.065
-6.035
-6.025
-6.025
-6.025
-6.02
-6.015
-6.015
-6.02
-6.01
-6.005
-6.0
-6.0
-5.995
-5.995
-5.985
-5.98
-5.975
-5.975
-5.95
-5.93
-5.915
-5.895
-5.875
-5.85
-5.82
-5.795
-5.77
-5.745
-5.725
-5.71
-5.68
-5.66
-5.625
-5.595
-5.57
-5.56
-5.56
-5.56
-5.55
-5.54
-5.53
-5.535
-5.535
-5.55
-5.56
-5.575
-5.585
-5.6
-5.635
-5.65
-5.67
-5.685
-5.7
-5.71
-5.725
-5.745
-5.765
-5.785
-5.805
-5.805
-5.805
-5.815
-5.83
-5.835
-5.83
-5.83
-5.835
-5.835
-5.835
-5.835
-5.83
-5.83
-5.83
-5.815
-5.81
-5.8
-5.8
-5.805
-5.81
-5.805
-5.795
-5.78
-5.765
-5.75
-5.73
-5.72
-5.72
-5.72
-5.715
-5.7
-5.68
-5.66
-5.66
-5.665
-5.67
-5.66
-5.67
-5.68
-5.69
-5.705
-5.725
-5.745
-5.76
-5.785
-5.82
-5.84
-5.85
-5.865
-5.875
-5.88
-5.875
-5.875
-5.885
-5.875
-5.875
-5.87
-5.865
-5.87
-5.875
-5.88
-5.895
-5.88
-5.795
-5.655
-5.52
-5.29
-4.94
-4.535
-4.205
-4.055
-4.025
-4.12
-4.35
-4.695
-5.145
-5.61
-6.01
-6.225
-6.255
-6.24
-6.24
-6.235
-6.205
-6.16
-6.105
-6.055
-6.04
-6.035
-6.02
-6.015
-6.015
-6.01
-6.01
-6.005
-6.005
-6.005
-6.0
-6.0
-6.0
-6.0
-5.99
-5.97
-5.965
-5.955
-5.94
-5.925
-5.905
-5.88
-5.855
-5.83
-5.8
-5.78
-5.76
-5.735
-5.7
-5.69
-5.67
-5.645
-5.625
-5.61
-5.595
-5.585
-5.58
-5.57
-5.555
-5.54
-5.54
-5.545
-5.545
-5.555
-5.565
-5.58
-5.595
-5.61
-5.62
-5.64
-5.655
-5.675
-5.69
-5.715
-5.73
-5.74
-5.75
-5.755
-5.765
-5.775
-5.78
-5.785
-5.795
-5.805
-5.81
-5.815
-5.82
-5.815
-5.815
-5.81
-5.8
-5.8
-5.795
-5.8
-5.79
-5.785
-5.78
-5.775
-5.78
-5.775
-5.77
-5.76
-5.75
-5.735
-5.735
-5.725
-5.72
-5.725
-5.72
-5.695
-5.675
-5.645
-5.625
-5.625
-5.64
-5.64
-5.64
-5.65
-5.655
-5.67
-5.685
-5.7
-5.715
-5.73
-5.76
-5.78
-5.81
-5.82
-5.84
-5.845
-5.84
-5.845
-5.85
-5.85
-5.85
-5.845
-5.845
-5.845
-5.845
-5.845
-5.86
-5.88
-5.875
-5.8
-5.67
-5.535
-5.315
-4.965
-4.555
-4.205
-4.02
-3.965
-4.025
-4.225
-4.545
-4.985
-5.465
-5.895
-6.17
-6.25
-6.24
-6.23
-6.235
-6.215
-6.155
-6.09
-6.04
-6.02
-6.01
-6.005
-6.0
-6.0
-5.99
-5.99
-5.99
-5.99
-5.99
-5.98
-5.98
-5.985
-5.99
-5.98
-5.965
-5.965
-5.955
-5.95
-5.95
-5.93
-5.92
-5.9
-5.88
-5.86
-5.835
-5.8
-5.765
-5.74
-5.72
-5.68
-5.66
-5.635
-5.62
-5.595
-5.575
-5.56
-5.55
-5.55
-5.54
-5.535
-5.54
-5.545
-5.55
-5.56
-5.575
-5.58
-5.595
-5.6
-5.61
-5.62
-5.64
-5.655
-5.675
-5.695
-5.705
-5.725
-5.74
-5.74
-5.75
-5.76
-5.765
-5.775
-5.785
-5.785
-5.785
-5.795
-5.795
-5.805
-5.8
-5.8
-5.8
-5.8
-5.805
-5.805
-5.805
-5.805
-5.805
-5.805
-5.795
-5.795
-5.79
-5.785
-5.78
-5.77
-5.76
-5.74
-5.73
-5.72
-5.72
-5.71
-5.715
-5.715
-5.705
-5.69
-5.66
-5.645
-5.65
-5.66
-5.655
-5.645
-5.645
-5.66
-5.67
-5.69
-5.7
-5.715
-5.74
-5.76
-5.775
-5.79
-5.8
-5.81
-5.815
-5.82
-5.83
-5.83
-5.83
-5.83
-5.83
-5.83
-5.83
-5.835
-5.84
-5.86
-5.87
-5.81
-5.69
-5.545
-5.345
-5.02
-4.62
-4.265
-4.06
-4.0
-4.055
-4.26
-4.6
-5.04
-5.505
-5.91
-6.165
-6.23
-6.225
-6.225
-6.22
-6.19
-6.13
-6.07
-6.035
-6.02
-6.025
-6.015
-6.0
-5.99
-5.98
-5.975
-5.97
-5.97
-5.965
-5.96
-5.96
-5.955
-5.945
-5.945
-5.93
-5.925
-5.92
-5.91
-5.895
-5.885
-5.86
-5.84
-5.82
-5.8
-5.78
-5.75
-5.725
-5.695
-5.67
-5.645
-5.625
-5.6
-5.575
-5.555
-5.54
-5.525
-5.52
-5.515
-5.515
-5.52
-5.52
-5.525
-5.53
-5.545
-5.555
-5.565
-5.585
-5.605
-5.63
-5.65
-5.67
-5.69
-5.705
-5.71
-5.72
-5.73
-5.745
-5.76
-5.77
-5.77
-5.775
-5.785
-5.785
-5.79
-5.795
-5.805
-5.81
-5.815
-5.81
-5.81
-5.805
-5.805
-5.805
-5.8
-5.805
-5.805
-5.805
-5.815
-5.815
-5.81
-5.82
-5.815
-5.82
-5.815
-5.81
-5.805
-5.8
-5.79
-5.775
-5.755
-5.75
-5.75
-5.74
-5.75
-5.74
-5.73
-5.7
-5.68
-5.675
-5.68
-5.69
-5.7
-5.7
-5.71
-5.72
-5.73
-5.74
-5.755
-5.77
-5.8
-5.81
-5.83
-5.84
-5.845
-5.85
-5.845
-5.845
-5.855
-5.855
-5.855
-5.86
-5.86
-5.855
-5.86
-5.855
-5.875
-5.895
-5.875
-5.78
-5.645
-5.49
-5.235
-4.86
-4.47
-4.19
-4.07
-4.055
-4.19
-4.455
-4.835
-5.28
-5.735
-6.095
-6.265
-6.285
-6.28
-6.275
-6.27
-6.22
-6.16
-6.1
-6.065
-6.06
-6.055
-6.045
-6.05
-6.04
-6.03
-6.015
-6.005
-6.005
-6.0
-6.0
-6.0
-5.99
-5.99
-5.98
-5.975
-5.97
-5.96
-5.95
-5.935
-5.92
-5.905
-5.88
-5.855
-5.825
-5.8
-5.77
-5.745
-5.72
-5.685
-5.67
-5.65
-5.64
-5.63
-5.595
-5.58
-5.56
-5.545
-5.54
-5.535
-5.54
-5.545
-5.55
-5.565
-5.58
-5.59
-5.62
-5.655
-5.665
-5.685
-5.7
-5.71
-5.725
-5.745
-5.765
-5.77
-5.79
-5.79
-5.8
-5.8
-5.81
-5.82
-5.83
-5.835
-5.84
-5.84
-5.85
-5.85
-5.85
-5.845
-5.85
-5.85
-5.855
-5.86
-5.85
-5.84
-5.84
-5.835
-5.84
-5.835
-5.835
-5.835
-5.84
-5.82
-5.81
-5.8
-5.785
-5.775
-5.775
-5.77
-5.765
-5.76
-5.755
-5.75
-5.73
-5.72
-5.71
-5.71
-5.715
-5.705
-5.71
-5.72
-5.745
-5.765
-5.775
-5.785
-5.8
-5.82
-5.83
-5.85
-5.865
-5.87
-5.865
-5.87
-5.87
-5.875
-5.875
-5.88
-5.885
-5.885
-5.885
-5.885
-5.88
-5.88
-5.905
-5.895
-5.815
-5.685
-5.535
-5.29
-4.935
-4.535
-4.235
-4.085
-4.06
-4.17
-4.415
-4.785
-5.245
-5.69
-6.06
-6.265
-6.3
-6.29
-6.285
-6.285
-6.255
-6.2
-6.14
-6.105
-6.08
-6.08
-6.07
-6.06
-6.055
-6.04
-6.04
-6.035
-6.04
-6.035
-6.025
-6.025
-6.02
-6.01
-5.995
-5.995
-5.99
-5.97
-5.955
-5.94
-5.91
-5.89
-5.865
-5.84
-5.82
-5.795
-5.77
-5.745
-5.71
-5.69
-5.665
-5.65
-5.635
-5.62
-5.615
-5.605
-5.595
-5.59
-5.585
-5.585
-5.6
-5.6
-5.6
-5.615
-5.625
-5.63
-5.64
-5.655
-5.68
-5.7
-5.72
-5.74
-5.75
-5.76
-5.775
-5.795
-5.81
-5.825
-5.83
-5.83
-5.835
-5.84
-5.84
-5.84
-5.84
-5.85
-5.855
-5.85
-5.845
-5.855
-5.845
-5.855
-5.865
-5.86
-5.855
-5.845
-5.835
-5.82
-5.83
-5.825
-5.82
-5.82
-5.805
-5.785
-5.78
-5.77
-5.775
-5.765
-5.765
-5.765
-5.76
-5.745
-5.72
-5.7
-5.695
-5.71
-5.715
-5.72
-5.72
